%YAML:1.0
_0218: !!opencv-ml-svm
   svm_type: C_SVC
   kernel: { type:LINEAR }
   C: 100.
   term_criteria: { epsilon:9.9999999747524271e-007,
       iterations:2147483647 }
   var_all: 576
   var_count: 576
   class_count: 2
   class_labels: !!opencv-matrix
      rows: 1
      cols: 2
      dt: i
      data: [ -1, 1 ]
   sv_total: 12
   support_vectors:
      - [ 0., 1., 3., 1., 8., 1., 2., 1., 0., 0., 1., 3.20377231e-001,
          2.40938358e+001, 1.45857868e+001, 14., 3., 0., 0.,
          4.51112080e+000, 2.69603729e+001, 9.81118393e+001,
          2.02259216e+001, 9.19074345e+000, 0., 0., 2.65685415e+000,
          4.90301943e+000, 5.50027847e+001, 1.18715637e+002,
          3.28932800e+001, 2., 1., 0., 2., 0., 0., 0., 5., 5., 1., 0.,
          0., 0., 0., 8., 16., 32., 10., 0., 0., 0., 0., 1.,
          4.15441551e+001, 1.04870056e+002, 7.58578634e+000, 0., 0., 0.,
          6.40754461e-001, 8.40406132e+000, 5.29914780e+001,
          1.54731049e+002, 2.23265791e+000, 0., 0., 0., 0., 4., 6., 3.,
          0., 0., 0., 1., 0., 2., 20., 46., 4., 1.43277681e+000, 0., 0.,
          0., 3., 3.40294380e+001, 9.26984863e+001, 1.98393021e+001, 0.,
          1.47946465e+000, 0., 0., 0., 2.31906357e+001, 8.48095551e+001,
          4.80295601e+001, 0., 0., 0., 2., 3., 0., 0., 0., 0., 2., 8.,
          3., 7., 6.58578634e+000, 1.44142132e+001, 13., 0.,
          7.64111042e+000, 0., 0., 2., 3., 1.28284273e+001,
          3.08951283e+001, 0., 0., 0., 0., 0., 0., 0., 6.09922361e+000,
          0., 3., 8., 0., 1., 2., 2., 0., 0., 6.39605713e+000,
          3.18003101e+001, 1.05609913e+001, 9.41421318e+000, 2., 4., 2.,
          0., 4.41546822e+001, 1.07622223e+001, 0., 0., 0., 0., 2., 0.,
          0., 0., 0., 0., 0., 0., 0., 0., 3., 7.24264050e+000,
          1.75735927e+000, 2., 0., 2., 1., 0., 1.25487022e+001,
          5.76326790e+001, 6.81862020e+000, 2., 0., 1., 0., 0.,
          3.91678065e-001, 9.23958302e+000, 3.68739337e-001, 0., 0., 0.,
          0., 0., 0., 0., 0., 0., 0., 0., 0., 0., 0., 12., 6., 3., 0.,
          1., 0., 0., 1.73814449e+001, 3.90337296e+001, 6.18148470e+000,
          1.00896311e+001, 2., 0., 2., 0., 4.93421841e+000,
          3.53002930e+001, 1.76548660e+000, 0., 0., 0., 0., 0., 0., 1.,
          0., 0., 0., 0., 0., 0., 0., 1., 5., 9., 1., 3., 1., 0.,
          9.17157269e+000, 1.48284273e+001, 1.26855698e+001,
          2.29002171e+001, 3.58578634e+000, 1., 6., 0., 5.73832703e+000,
          1.42239351e+001, 2.43654652e+001, 8.51015091e+001,
          1.92377586e+001, 5.33300304e+000, 3.50874752e-001, 0.,
          3.77370477e-001, 1.85889072e+001, 5.26309814e+001,
          5.15826683e+001, 9.14465427e+000, 3.94082665e+000,
          1.73459077e+000, 0., 2.92893219e+000, 3.72792196e+000,
          2.34314585e+000, 0., 0., 1.17157292e+000, 1.40832615e+001,
          2.07451668e+001, 0., 2.48846626e+000, 4.21145630e+001,
          3.31370850e+001, 2.74314575e+001, 8.28427136e-001,
          1.45154829e+001, 6.48449097e+001, 3.81076469e+001,
          4.73232651e+001, 4.20869923e+000, 0., 1.17157292e+000,
          5.38477612e+000, 6.44365072e+000, 0., 0., 0., 2.27817459e+001,
          3.52182541e+001, 0., 0., 0., 2.65096684e+001, 1.26706718e+002,
          7.83611596e-001, 0., 1.17157292e+000, 7.87005758e+000,
          1.21297913e+002, 8.46604538e+001, 0., 0., 3.72792196e+000,
          5.27207804e+000, 0., 0., 5.85786462e-001, 2.65096684e+001,
          4.39045448e+001, 0., 0., 0., 3.27228699e+001, 1.12134583e+002,
          3.14254236e+000, 3.00879741e+000, 9.91202533e-001,
          4.97056293e+000, 1.01469650e+002, 7.45597916e+001, 0.,
          1.17157292e+000, 8.28427136e-001, 0., 0., 0., 7.61522388e+000,
          1.90538235e+001, 2.03309517e+001, 0., 0., 8.61522388e+000,
          2.36101723e+001, 4.75855598e+001, 2.31890411e+001, 0., 0., 0.,
          2.19178009e+000, 9.80821991e+000, 0., 6.44365072e+000,
          6.21320343e+000, 2.34314585e+000, 0., 2.55493402e+000,
          3.41902313e+001, 1.65685425e+001, 4.68629169e+000, 0.,
          5.28150368e+001, 1.93859730e+001, 6.62741709e+000,
          1.17157292e+000, 0., 0., 0., 0., 0., 0., 5.22407770e-001,
          9.40652466e+000, 3.31370854e+000, 1.75735927e+000, 0.,
          4.57817497e+001, 2.66619034e+001, 4.97056293e+000,
          5.85786462e-001, 0., 8.25710297e+000, 1.74289691e+000, 0., 0.,
          0., 0., 0., 0., 0., 0., 5.22407770e-001, 1.33354568e+001,
          4.55634928e+000, 5.85786462e-001, 0., 3.26567574e+001,
          2.56447601e+001, 1.11837664e+001, 3.51471853e+000, 0.,
          3.66752968e+001, 5.32470274e+000, 0., 0., 0., 5.85786462e-001,
          4.14213568e-001, 0., 0., 0., 0., 3.51471853e+000,
          4.55634928e+000, 2.92893219e+000, 0., 0., 2.94314575e+001,
          2.15391045e+001, 7.02943707e+000, 0., 1.85608673e+001,
          3.48411522e+001, 2.44386005e+001, 3.82732124e+001,
          1.88616848e+000, 7.07545242e+001, 2.63459778e+001,
          7.04163074e+000, 1.76229134e+001, 2.23495150e+000, 0.,
          3.51471853e+000, 6.62741709e+000, 5.85786438e+000, 0., 0.,
          3.51471853e+000, 1.15979795e+001, 2.81670685e+001,
          1.72023296e+000, 0., 0., 7.45584393e+000, 8.96172104e+001,
          4.99269485e+001, 0., 4.75735950e+000, 7.04163074e+000,
          1.26402763e+002, 7.67982407e+001, 0., 4.10050488e+000,
          4.97056293e+000, 2.92893219e+000, 0., 0., 8.20100975e+000,
          1.57401152e+001, 1.40588741e+001, 0., 0., 5.27207804e+000,
          2.52670269e+001, 3.04608955e+001, 0., 0., 4.68629169e+000,
          3.68650055e+001, 1.00631149e+002, 6.81755304e+000, 0.,
          2.34314585e+000, 5.79898977e+000, 5.85786438e+000, 0., 0.,
          4.68629169e+000, 1.24264069e+001, 1.28873014e+001, 0.,
          2.10505199e+000, 1.51964626e+001, 2.60954552e+001,
          2.46030312e+001, 0., 5.33458710e+001, 3.22987900e+001,
          2.36101723e+001, 3.68796120e+001, 1.86555350e+000, 0.,
          1.17157292e+000, 2.89949489e+000, 2.92893219e+000, 0., 0.,
          1.43015156e+001, 1.57401152e+001, 9.95836926e+000, 0.,
          6.74308624e+001, 4.51427307e+001, 1.44974747e+001,
          2.92893219e+000, 0., 1.55623226e+001, 2.43767762e+000, 0., 0.,
          0., 0., 4.68629169e+000, 4.55634928e+000, 1.75735927e+000, 0.,
          5.14718652e-001, 1.46862917e+001, 1.40832615e+001,
          1.67157288e+001, 0., 6.39467735e+001, 2.54258080e+001,
          6.62741709e+000, 0., 0., 0., 0., 0., 0., 0., 0.,
          7.02943707e+000, 7.04163074e+000, 2.92893219e+000, 0.,
          1.84810505e+001, 1.39626007e+001, 7.87005758e+000,
          5.42537689e+000, 4.26091433e+000, 8.57354939e-001,
          7.28431523e-001, 4.14213568e-001, 1.42645061e-001,
          8.57354939e-001, 0., 0., 0., 0., 0., 0., 0., 2.89949489e+000,
          6.10050488e+000, 0., 1.50280552e+001, 3.01018867e+001,
          1.28406200e+001, 1.55070295e+001, 5.22407770e-001,
          9.86414433e+000, 6.89321518e+000, 2.89949489e+000,
          5.48176193e+000, 1.86138391e+000, 0., 0., 0., 0., 0., 0.,
          1.75735927e+000, 7.04163074e+000, 9.20100975e+000, 0.,
          2.61203885e-001, 1.86260986e+001, 1.53259020e+001,
          2.75346012e+001, 6.25219536e+000, 1.02658567e+001,
          6.31993008e+000, 2.89949489e+000, 8.14179916e+001,
          5.10967255e+001, 8.49778891e-001, 2.49336696e+000,
          4.97056293e+000, 3.60608444e+001, 8.56254425e+001 ]
      - [ 0., 5.97216654e+000, 1.60278339e+001, 0., 0., 1.00655627e+000,
          4.45873165e+000, 5.34712195e-001, 0., 1.05350170e+001,
          2.37189236e+001, 4.92338514e+000, 3.20377231e-001,
          7.55318451e+000, 2.98263817e+001, 7.85338163e-001, 0.,
          6.77280426e+000, 3.38489304e+001, 1.69356747e+001,
          1.71916962e+001, 1.17303762e+001, 1.95297947e+001,
          4.88281488e+000, 0., 0., 1.30494893e-001, 4.02567434e+000,
          1.97755585e+001, 1.37435694e+001, 5.32470179e+000, 0.,
          8.64203513e-001, 4.67017841e+000, 5.11331654e+000,
          1.80803847e+000, 4.08193827e+000, 5.86979628e+000,
          6.46094370e+000, 1.31584778e-001, 0., 2.01957631e+000,
          2.82717075e+001, 1.20526714e+001, 3.41340518e+000,
          8.73789310e+000, 2.00222588e+001, 1.04114208e+001, 0.,
          1.27660418e+000, 9.03855038e+000, 5.14018440e+000,
          2.39389095e+001, 3.54466934e+001, 5.50477829e+001,
          1.91908340e+001, 0., 3.58578634e+000, 1.60710678e+001,
          2.96937771e+001, 5.88715134e+001, 1.24899282e+001,
          2.32491341e+001, 5.03879309e+000, 1.97614753e+000,
          4.10247183e+000, 6.40157700e+000, 5.93535662e+000,
          2.64867878e+000, 2.01738691e+000, 4.99950504e+000,
          2.91887617e+000, 0., 5.32135773e+000, 2.28606777e+001,
          9.58744335e+000, 1.33034401e+001, 1.58562374e+001,
          1.83606567e+001, 1., 0., 2.04884663e+001, 1.55749121e+001,
          3.17157292e+000, 1.44142132e+001, 4.16191902e+001,
          3.72092361e+001, 4.98504734e+000, 0., 1., 6.50384474e+000,
          1.65146065e+001, 3.09413452e+001, 2.67397614e+001,
          1.79758606e+001, 3.42940712e+001, 0., 8.67180347e+000,
          2.22302938e+000, 3.91764760e+000, 6.81417656e+000,
          2.32322693e+000, 3.33935952e+000, 0., 0., 2.86324024e+001,
          1.14676886e+001, 1.33898830e+000, 1.82908607e+000, 1., 6.,
          4.57265615e-001, 0., 1.80970478e+001, 1.24880304e+001,
          2.61203885e-001, 1.41421354e+000, 7.34314585e+000,
          5.24264050e+000, 6.64135647e+000, 0., 0., 0., 0., 0., 0., 0.,
          5.95603275e+000, 1.48531109e-001, 4.68714571e+000,
          9.44891548e+000, 4.40668678e+000, 1.30872095e+000, 0., 0., 0.,
          0., 8.76100659e-001, 1.23899341e-001, 0., 0., 0., 0., 0., 0.,
          0., 0., 0., 0., 0., 0., 0., 0., 0., 0., 0., 0., 0., 0., 0., 0.,
          0., 0., 0., 0., 0., 0., 0., 0., 0., 0., 0., 0., 0., 0., 0., 0.,
          0., 0., 0., 0., 0., 0., 0., 0., 0., 0., 0., 0., 0., 0., 0., 0.,
          0., 0., 0., 0., 0., 0., 0., 0., 0., 0., 0., 0., 0., 0., 0., 0.,
          0., 0., 0., 0., 0., 0., 0., 0., 0., 0., 0., 0., 0., 0., 0., 0.,
          0., 0., 0., 0., 0., 0., 0., 0., 1.47188234e+000,
          1.05281181e+001, 0., 0., 0., 0., 0., 0., 3.63033079e-002,
          1.04224529e+001, 1.54124343e+000, 1., 0., 0., 0., 0., 0., 0.,
          0., 0., 0., 0., 0., 1.95663242e+001, 2.43367600e+000, 0.,
          3.48764002e-001, 5.65123606e+000, 3.45672569e+001,
          6.43274307e+000, 0., 4.54826355e+000, 3.44517365e+001,
          5.53009300e+001, 9.87064171e+000, 3.31370854e+000,
          1.56976194e+001, 2.28170986e+001, 5.87203217e+000,
          2.12796783e+000, 4.14213568e-001, 6.50975370e+000,
          2.00760326e+001, 1.15996132e+001, 1.98617291e+000,
          4.14213568e-001, 2.23716569e+000, 1.27628345e+001,
          3.48833809e+001, 7.45976496e+000, 7.45584393e+000,
          2.43177662e+001, 1.18832445e+001, 7.71858263e+000,
          1.13819227e+001, 8.69848442e+000, 6.71587753e+001,
          4.70422363e+001, 2.02001839e+001, 3.41307678e+001,
          2.31959591e+001, 2.41048126e+001, 1.33682747e+001,
          1.53763504e+001, 3.62364936e+000, 4.14213568e-001,
          2.42000365e+000, 9.16578293e+000, 1.76139336e+001,
          2.39007854e+001, 9.11269855e+000, 2.64494095e+001,
          4.92317390e+000, 1.72023296e+000, 3.01670685e+001,
          2.44386005e+001, 6.72829514e+001, 7.39114618e+000,
          1.19782519e+000, 2.20031853e+001, 2.36101723e+001,
          6.35783920e+001, 4.16104240e+001, 1.46280270e+001,
          4.95775938e+000, 8.28427136e-001, 1.92344522e+000,
          4.66234112e+000, 3.46168976e+001, 1.27262478e+001,
          3.72792196e+000, 8.15300941e+000, 7.75922477e-001,
          2.94633770e+001, 5.53662348e+000, 5.79898977e+000,
          1.36763401e+001, 5.52466965e+000, 0., 0., 0., 2.08259010e+000,
          7.91740990e+000, 1.61033859e+001, 2.89661407e+000, 0., 0., 0.,
          5.85786462e-001, 4.14213568e-001, 0., 0., 0., 0., 0., 0., 0.,
          0., 0., 0., 0., 0., 0., 0., 0., 0., 0., 0., 0., 0., 0., 0., 0.,
          0., 0., 0., 0., 0., 0., 0., 0., 0., 0., 0., 0., 0., 0., 0., 0.,
          0., 0., 0., 0., 0., 0., 0., 0., 0., 0., 0., 0., 0., 0., 0., 0.,
          0., 0., 0., 1.03057928e+001, 1.69420719e+000, 0., 0., 0.,
          1.06847858e+001, 1.31521404e+000, 0., 0., 0., 0., 0., 0., 0.,
          0., 1.26007338e+001, 5.39926624e+000, 0., 5.43197155e-001,
          2.45680285e+000, 1.88933125e+001, 1.50356197e+001,
          3.31370854e+000, 9.48449516e+000, 2.02728634e+001,
          1.45625248e+001, 1.41237659e+001, 5.38477612e+000,
          1.83651371e+001, 4.75637970e+001, 0., 0., 4.14213568e-001,
          8.06206703e+000, 3.25237198e+001, 8.10781288e+000,
          2.89218736e+000, 0., 2.78643656e+000, 1.22135639e+001,
          8.28427136e-001, 2.09583702e+001, 1.03553391e+001,
          2.20714569e+001, 1.77864075e+001, 8.14008999e+000,
          3.48182793e+001, 1.53259020e+001, 5.03089104e+001,
          2.44068184e+001, 0., 1.29583693e+001, 2.60954552e+001,
          4.90557709e+001, 3.78904037e+001, 1.01114130e+001,
          3.47437310e+000, 1.65685427e+000, 4.20274067e+000,
          1.05546188e+001, 7.20564222e+000, 7.96593046e+000,
          1.15979795e+001, 2.94499207e+001, 9.78052711e+000,
          2.55592370e+000, 2.77750282e+001, 2.77523079e+001,
          4.96555367e+001, 4.26120377e+000, 5.26567459e+001,
          2.15442638e+001, 1.24264069e+001, 5.17480431e+001,
          1.86245403e+001, 8.10500622e+000, 4.89499331e+000,
          4.14213568e-001, 3.28546262e+000, 1.13003235e+001,
          3.78477821e+001, 1.10811510e+001, 3.31370854e+000,
          1.99479389e+000, 1.76256549e+000, 3.84507294e+001,
          1.33066301e+001, 5.38477612e+000, 6.85786438e+000, 0.,
          1.31385555e+001, 1.86144423e+000, 0., 0., 0., 5.09418392e+000,
          1.49160242e+000, 8.28427136e-001, 1.91024995e+000,
          5.67553663e+000, 5.14718652e-001, 4.85281378e-001, 0., 0., 0.,
          0., 0., 0., 0., 0., 0., 0., 0., 0., 0., 0., 0., 0., 0., 0., 0.,
          0., 0., 0., 0., 0., 0., 0., 0., 0., 0., 0., 0., 0., 0., 0., 0.,
          0., 0., 0., 0., 0., 0., 0., 0., 0., 0., 0., 0., 0., 0., 0., 0.,
          0., 0., 0., 0., 0., 0., 0., 2.86270475e+000, 2.72308159e+000,
          4.14213568e-001, 0., 0., 0., 1.17157292e+000, 8.28427136e-001,
          1.05395722e+000, 2.94604278e+000, 0., 0., 0., 0., 0. ]
      - [ 0., 1.41421354e+000, 3., 7.17157269e+000, 8.82842731e+000,
          4.14213568e-001, 3.58578634e+000, 1., 0., 0., 9.85304070e+000,
          2.59255791e+001, 3.97510605e+001, 6.05610847e+000,
          1.15300965e+000, 2.26120377e+000, 1.91878974e+000,
          1.50702953e+000, 6.18867970e+000, 2.91363525e+001,
          1.43738050e+001, 2.11595631e+000, 4.09639359e+000,
          6.62993610e-001, 0., 0., 3.06294274e+000, 2.04652729e+001,
          2.10326824e+001, 4.39103633e-001, 0., 0., 0., 3.58578634e+000,
          5.41421366e+000, 2.26120377e+000, 7.73879623e+000, 1., 0., 0.,
          0., 3.17157292e+000, 8.43338394e+000, 1.24685745e+001,
          2.46838284e+001, 1.89103699e+001, 1.09180584e+001,
          6.17157269e+000, 0., 0., 1.13304796e+001, 1.70869884e+001,
          4.02362518e+001, 4.12752151e+001, 2.60710678e+001, 2., 0., 0.,
          1.86422443e+000, 8.70021057e+000, 4.32201958e+001,
          7.54177551e+001, 6.31099892e+001, 1.35979910e+001, 0., 1.,
          3.41421366e+000, 7.58578634e+000, 16., 2., 0., 0., 0., 4., 9.,
          6.17157269e+000, 1.86568546e+001, 1.65147190e+001,
          1.40710678e+001, 6.75735950e+000, 0., 3.69970536e+000, 5.,
          3.41421366e+000, 1.10710678e+001, 2.26677284e+001,
          2.89170265e+001, 3.40965614e+001, 0., 1.89949489e+000, 0.,
          3.20377231e-001, 6.76925373e+000, 3.91805816e+000,
          1.95932045e+001, 5.12692032e+001, 8.43290710e+000,
          1.26191025e+001, 8.84123802e+000, 0., 0., 0., 0.,
          1.06752865e-001, 0., 1.51755819e+001, 2.39426479e+001,
          3.40689731e+000, 2., 1.75735927e+000, 8.28427136e-001,
          9.02830884e-002, 0., 6.09751654e+000, 1., 0., 0.,
          1.17157292e+000, 3.24264073e+000, 5.54207373e+000, 0., 0., 0.,
          0., 0., 0., 0., 0., 0., 7.28447771e+000, 1.84699035e+000, 3.,
          4.14213568e-001, 1., 0., 5.56465611e-002, 0., 8.61582935e-001,
          0., 0., 0., 0., 0., 0., 0., 0., 0., 0., 0., 0., 0., 0., 0., 0.,
          0., 0., 0., 0., 0., 0., 0., 7.43422985e+000, 3.58578634e+000,
          0., 0., 0., 4.24264050e+000, 6.92893219e+000, 0.,
          1.30059137e+001, 1.72176247e+001, 2.88565612e+000, 2.,
          1.32037723e+000, 2.67962265e+000, 7.56575882e-001, 0., 0., 0.,
          0., 0., 0., 0., 0., 0., 0., 0., 0., 0., 0., 0., 0., 0.,
          2.91036892e+000, 4.50384474e+000, 4., 1.25857868e+001, 3., 3.,
          0., 0., 3.17157292e+000, 1.33536425e+001, 3.14589291e+001,
          4.60164261e+000, 4.14213568e-001, 0., 1.05917335e+000, 0., 0.,
          0., 0., 0., 0., 0., 0., 0., 0., 0., 0., 0., 0., 0., 0., 0.,
          3.70413327e+000, 1.48800201e+001, 7.93977451e+000,
          3.47607255e+000, 0., 0., 0., 0., 5.85786462e-001,
          6.25066578e-001, 1.94423695e+001, 1.43467770e+001, 0., 0., 0.,
          0., 0., 0., 0., 0., 0., 0., 0., 0., 0., 0., 0., 0., 0., 0., 0.,
          0., 7.61522388e+000, 7.04163074e+000, 3.08194184e+000,
          2.61203885e-001, 2.80431938e+001, 2.24004574e+001,
          7.45584393e+000, 1.19607038e+001, 2.13980103e+000,
          3.38078003e+001, 9.77798462e+000, 8.28427136e-001,
          2.90680695e+000, 5.67897940e+000, 2.73292027e+001,
          7.84237051e+000, 8.28427136e-001, 8.99494946e-001,
          1.10050511e+000, 0., 7.85786438e+000, 4.55634928e+000,
          5.85786462e-001, 0., 1.26120389e+000, 1.82829514e+001,
          1.86396103e+001, 3.15550308e+001, 2.61203885e-001,
          5.25407696e+000, 2.17753601e+001, 2.85807362e+001,
          5.41286240e+001, 2.61203885e-001, 2.75424242e+000,
          7.51783562e+000, 3.68650055e+001, 1.19037941e+002,
          1.18249702e+001, 2.61203885e-001, 8.01087379e+000,
          4.55634928e+000, 1.17157292e+000, 0., 0., 1.17157288e+001,
          2.07106781e+001, 2.65735931e+001, 0., 0., 9.44365120e+000,
          1.86396103e+001, 5.56974220e+001, 3.32193184e+001, 0.,
          2.75735927e+000, 2.48528147e+000, 2.09062786e+001,
          6.08510818e+001, 1.28751059e+001, 1.57106810e+001,
          4.14213568e-001, 4.14213568e-001, 5.85786462e-001,
          3.51081085e+001, 1.19923954e+001, 3.31370854e+000,
          2.34314585e+000, 1.24264073e+000, 1.17370644e+001,
          4.26293516e+000, 1.65685427e+000, 1.02454538e+001,
          9.09769249e+000, 0., 0., 0., 0., 0., 1.17094707e+001,
          8.80524826e+000, 3.31370854e+000, 1.17157292e+000, 0.,
          1.35607159e+000, 1.22971487e+000, 4.14213568e-001, 0., 0., 0.,
          0., 0., 0., 0., 0., 0., 0., 0., 0., 1.76504838e+000,
          1.09212427e+001, 6.62741709e+000, 8.68629169e+000, 0.,
          2.74237404e+001, 1.00909777e+001, 4.14213562e+000,
          8.68629169e+000, 2.65685415e+000, 0., 0., 0., 0., 0., 0., 0.,
          0., 0., 0., 2.61203885e-001, 8.83930111e+000, 5.38477612e+000,
          3.51471853e+000, 0., 3.79378700e+001, 1.14052773e+001,
          2.07106781e+000, 2.58578634e+000, 0., 0., 0., 0., 0., 0., 0.,
          0., 0., 0., 0., 4.77943611e+000, 2.21494961e+001,
          2.07106781e+000, 0., 0., 2.38636608e+001, 6.13633823e+000, 0.,
          0., 0., 0., 0., 0., 0., 0., 0., 0., 0., 0., 0.,
          2.61203885e-001, 3.66772842e+000, 7.45584393e+000,
          1.16152239e+001, 0., 0., 2.17157292e+000, 3.31370854e+000,
          2.75897064e+001, 4.79250107e+001, 4.54104376e+000,
          1.45895636e+000, 8.28427136e-001, 1.40419445e+001,
          3.61296272e+001, 0., 0., 4.14213568e-001, 6.03392458e+000,
          3.75518608e+001, 0., 3.51471853e+000, 5.79898977e+000,
          7.17157269e+000, 5.14718652e-001, 0., 9.85786438e+000,
          1.44974747e+001, 4.41295357e+001, 5.51512527e+000, 0.,
          2.34314585e+000, 2.44386005e+001, 7.82916946e+001,
          6.92655563e+000, 3.53883219e+000, 1.94195366e+001,
          3.89360733e+001, 1.05491920e+002, 9.61363888e+000, 0.,
          5.85786462e-001, 9.52691174e+000, 1.68873024e+001, 0., 0.,
          1.19583693e+001, 2.19533195e+001, 2.80883121e+001, 0.,
          3.57337570e+001, 3.33251190e+001, 2.11248913e+001,
          3.20326233e+001, 7.83611596e-001, 5.87694473e+001,
          1.48163376e+001, 2.07106781e+000, 1.07311068e+001,
          1.61203873e+000, 1.27521877e+001, 1.05909576e+001,
          1.65685427e+000, 0., 0., 3.03078613e+001, 1.08637114e+001,
          3.31370854e+000, 8.25351429e+000, 2.61203885e-001,
          3.67470169e+001, 4.83876991e+000, 8.28427136e-001,
          1.58578646e+000, 0., 0., 0., 0., 0., 0., 1.96327457e+001,
          5.36725330e+000, 1.65685427e+000, 3.34314585e+000, 0.,
          7.39524698e+000, 1.60475290e+000, 0., 0., 0., 0., 0., 0., 0.,
          0., 0., 0., 0., 0., 0., 5.38429070e+000, 1.44735737e+001,
          4.14213562e+000, 0., 0., 3.30912857e+001, 8.49450016e+000,
          2.48528147e+000, 6.63829088e+000, 1.29064107e+000, 0., 0., 0.,
          0., 0., 0., 0., 0., 0., 0., 0., 2.75735927e+000,
          7.45584393e+000, 1.35255928e+001, 2.61203885e-001,
          6.75417423e-001, 4.66772842e+000, 2.48528147e+000,
          9.23822689e+000, 3.39333458e+001, 0., 0., 0., 0., 0., 0., 0.,
          0., 0., 0., 0., 4.92893219e+000, 4.14213562e+000,
          6.60657978e+000, 4.32235241e+000, 0., 5.85786462e-001,
          4.14213568e-001, 4.27687407e+000, 2.97231255e+001, 0., 0., 0.,
          0., 0., 0., 0., 0., 0., 0. ]
      - [ 0., 0., 0., 1., 1.72654095e+001, 7.73459101e+000, 5., 0., 0.,
          0., 1.41421354e+000, 2.55723333e+000, 5.05969543e+001,
          2.93419666e+001, 4.18346739e+000, 2.32037735e+000, 0.,
          4.66091663e-001, 0., 6.49259329e+000, 4.28310356e+001,
          1.40215845e+001, 2.33544941e+001, 3.20670967e+001, 0.,
          2.82801461e+000, 1., 1.20441656e+001, 6.43659286e+001,
          3.41756935e+001, 2.42426414e+001, 2.81320190e+001, 0., 0., 0.,
          0., 1.12426405e+001, 9.75735950e+000, 6., 1., 0., 0., 0., 2.,
          3.38994942e+001, 3.06152229e+001, 1.74852810e+001, 0., 0., 0.,
          0., 4.41421366e+000, 5.64704933e+001, 5.91219635e+001,
          2.24075451e+001, 4.90616369e+000, 0., 1.08615792e+000,
          3.41421366e+000, 1.06892786e+001, 8.71633453e+001,
          4.48336678e+001, 1.85115337e+001, 1.78421345e+001, 0., 2., 0.,
          0., 2., 7.75735950e+000, 5.65685415e+000, 2.58578634e+000, 0.,
          9.19896722e-001, 1., 0., 4.82842731e+000, 9.17157269e+000,
          2.03480663e+001, 2.09038830e+001, 0., 4.34500337e-001, 0., 0.,
          0., 3., 1.16568546e+001, 2.02257080e+001, 0., 1.08715427e+000,
          0., 0., 0., 0., 1.25130010e+000, 1.88765774e+001, 0.,
          2.10842323e+000, 0., 0., 0., 1., 7.82842731e+000,
          4.63633823e+000, 0., 4.50182706e-002, 0., 0., 0., 0., 0.,
          1.09489393e+000, 0., 0., 0., 0., 0., 0., 0., 0., 0., 0., 0.,
          0., 0., 0., 0., 0., 0., 4.72139388e-001, 0., 0., 0., 1.,
          9.26120377e+000, 7.32887840e+000, 0., 3.39085793e+000, 0., 0.,
          0., 0., 1.15022111e+000, 7.26044941e+000, 0., 0., 0., 0., 0.,
          0., 0., 0., 0., 0., 0., 0., 0., 0., 0., 0., 0., 0., 0., 5.,
          6.82842731e+000, 8.75735950e+000, 5.41421366e+000,
          5.85786462e-001, 0., 7.67658043e+000, 9.65685463e+000,
          4.34314585e+000, 4.82842731e+000, 8.75735950e+000,
          1.14852810e+001, 1.53189526e+001, 0., 1.13881598e+001,
          3.11605759e+001, 8.51557350e+000, 2.42747045e+000,
          3.47759223e+000, 4.26120377e+000, 2.36449027e+000, 0., 0., 0.,
          0., 0., 0., 0., 0., 0., 0., 0., 6.17157269e+000,
          6.24264050e+000, 1.01715727e+001, 2.41421366e+000, 0., 0.,
          5.85786462e-001, 1.17518625e+001, 2.19491997e+001,
          1.98924141e+001, 2.59212437e+001, 8.89949512e+000,
          1.73879611e+000, 0., 1.23929472e+001, 4.66727982e+001,
          2.37448254e+001, 1.68064899e+001, 1.90630460e+000, 1., 0., 0.,
          0., 0., 0., 0., 0., 0., 0., 0., 0., 0., 1., 1.08284273e+001,
          1.35147190e+001, 4.65685415e+000, 0., 0., 1.22048116e+000,
          3.77951884e+000, 7.85457659e+000, 3.42697601e+001,
          1.71816845e+001, 1.01386518e+001, 1.20514841e+001, 0.,
          1.00583324e+001, 3.72430954e+001, 1.28319778e+001,
          1.76257439e+001, 1.55839949e+001, 1.10710678e+001,
          1.21715727e+001, 0., 0., 1.28679266e+001, 2.85633202e+001,
          3.21840630e+001, 7.38468981e+000, 0., 0., 0., 1.17157292e+000,
          6.21320343e+000, 8.61522388e+000, 0., 2.61203885e-001,
          5.25351477e+000, 1.86396103e+001, 3.91558609e+001,
          2.68981099e+000, 1.18452253e+001, 9.49792099e+000,
          1.40832615e+001, 5.53788719e+001, 3.91947212e+001,
          1.71639843e+001, 1.58654518e+001, 3.93502884e+001,
          8.07187576e+001, 6.90151501e+000, 0., 0., 7.45584393e+000,
          1.15441561e+001, 0., 0., 2.34314585e+000, 2.02964649e+001,
          3.93603897e+001, 0., 0., 4.51471853e+000, 3.27228699e+001,
          7.75756683e+001, 4.18674469e+000, 8.66025162e+000,
          1.21976128e+001, 2.69238815e+001, 6.53360138e+001,
          2.08822384e+001, 0., 1.17157292e+000, 5.79898977e+000,
          1.10294371e+001, 0., 2.02943730e+000, 3.14213562e+000,
          1.36690474e+001, 4.01355209e+001, 1.80238590e+001,
          1.22693837e+000, 1.35884809e+000, 5.79898977e+000,
          2.66051846e+001, 2.20100384e+001, 2.39184260e+000,
          1.60815752e+000, 1.24264073e+000, 1.35207329e+001,
          2.12366257e+001, 0., 2.92893219e+000, 5.38477612e+000,
          1.44250879e+001, 2.61203885e-001, 0., 1., 1.24264073e+000,
          4.07903004e+000, 2.67832947e+000, 0., 0., 0., 0., 0., 0., 0.,
          0., 0., 0., 0., 1.17157292e+000, 4.97056293e+000,
          1.56525164e+001, 4.20534801e+000, 6.43033218e+000,
          5.56966782e+000, 0., 4.60113001e+000, 1.13988695e+001, 0., 0.,
          0., 0., 0., 0., 0., 0., 0., 0., 0., 2.92893219e+000,
          7.87005758e+000, 1.02010098e+001, 0., 3.14150977e+000,
          1.74737129e+001, 1.32548342e+001, 2.59959011e+001,
          1.31340418e+001, 5.00739441e+001, 9.51184273e+000,
          2.48528147e+000, 8.38030720e+000, 3.54862475e+000, 0., 0., 0.,
          0., 0., 0., 4.10050488e+000, 7.45584393e+000, 8.44365120e+000,
          0., 5.84837437e+000, 2.67668495e+001, 1.24264069e+001,
          3.20217476e+001, 9.36621308e-001, 6.95108261e+001,
          2.08323193e+001, 2.48528147e+000, 5.17157269e+000, 0., 0., 0.,
          0., 0., 0., 0., 5.85786462e-001, 5.79898977e+000,
          1.53540201e+001, 2.61203885e-001, 1.38124931e+000,
          1.14055471e+001, 1.65685425e+001, 3.78796120e+001,
          2.76504850e+000, 4.19365196e+001, 1.80929184e+001,
          1.61543293e+001, 2.95550308e+001, 2.61203885e-001,
          3.80524902e+001, 1.52906542e+001, 5.38477612e+000,
          1.00108738e+001, 2.61203885e-001, 0., 0., 5.38477612e+000,
          1.94173985e+001, 1.19782519e+000, 5.22407770e-001,
          5.82073784e+000, 8.69848442e+000, 5.80534706e+001,
          1.89048996e+001, 4.86881638e+001, 2.35839157e+001,
          7.45584393e+000, 1.58434401e+001, 4.74286385e+001,
          3.45757446e+001, 3.49684105e+001, 1.82253971e+001,
          6.06717758e+001, 3.95586700e+001, 0., 5.85786462e-001,
          4.14213562e+000, 1.67496700e+001, 5.22407770e-001, 0.,
          1.17157292e+000, 1.28406200e+001, 5.35921555e+001,
          3.39565039e+000, 4.14213568e-001, 4.68629169e+000,
          2.15391045e+001, 8.76133270e+001, 1.87470665e+001,
          1.58564978e+001, 2.00013676e+001, 2.98233757e+001,
          7.65355911e+001, 4.37831726e+001, 0., 6.44365072e+000,
          9.11269855e+000, 6.44365072e+000, 0., 3.53966942e+001,
          1.41180229e+001, 7.04163074e+000, 9.44365120e+000, 0.,
          3.83654976e+001, 1.49065800e+001, 4.97056293e+000,
          1.75735927e+000, 0., 3.72043610e+001, 1.03814268e+001,
          4.14213568e-001, 0., 0., 8.21671200e+000, 9.71222019e+000,
          2.48528147e+000, 5.85786462e-001, 0., 2.23792305e+001,
          2.62077022e+000, 0., 0., 0., 0., 0., 0., 0., 0., 0., 0., 0.,
          0., 0., 1.05835056e+001, 9.58806705e+000, 1.24264073e+000,
          5.85786462e-001, 0., 3.19261360e+001, 5.07386303e+000, 0., 0.,
          0., 0., 0., 0., 0., 0., 0., 0., 0., 0., 0., 0.,
          1.58578646e+000, 7.87005758e+000, 1.35441561e+001, 0.,
          2.29863377e+001, 2.22146721e+001, 1.32548342e+001,
          1.35441561e+001, 0., 3.41375198e+001, 8.03405094e+000,
          2.48528147e+000, 9.16564274e+000, 1.01775036e+001, 0., 0., 0.,
          0., 0., 0., 0., 7.45584393e+000, 1.55441561e+001, 0.,
          2.61203885e-001, 2.91036892e+000, 1.24264069e+001,
          5.80434952e+001, 6.35852385e+000, 1.56613493e+001,
          1.10960093e+001, 3.72792196e+000, 1.86731720e+001,
          3.98415489e+001, 0., 0., 0., 0., 0., 0., 0., 7.45584393e+000,
          1.94993401e+001, 1.04481554e+000, 9.36621308e-001,
          1.39212427e+001, 7.87005758e+000, 4.54480515e+001,
          1.18240271e+001, 4.31808043e+000, 2.43976479e+001,
          1.78111839e+001, 2.66978951e+001, 2.47751923e+001, 0., 0.,
          1.24264073e+000, 2.52844963e+001, 4.94728622e+001 ]
      - [ 0., 0., 4.88768482e+000, 1.20824881e+001, 2.98267845e-002, 0.,
          0., 0., 0., 1.13918900e-001, 1.31705465e+001, 2.15247917e+001,
          1.90743566e-001, 0., 1., 1., 0., 1.43556535e+000,
          2.05324879e+001, 2.43565292e+001, 4.86914968e+000,
          4.39205408e+000, 2.41421366e+000, 0., 0., 1.04196012e+000,
          1.92953968e+001, 2.73714180e+001, 2.05524273e+001,
          1.39622660e+001, 7.76530027e-001, 0., 0., 5.85786462e-001,
          3.75169826e+000, 1.28567657e+001, 8.05749297e-001,
          4.19301224e+000, 6.39277411e+000, 4.14213568e-001, 0.,
          6.32458258e+000, 1.14120474e+001, 2.86655884e+001,
          2.23365784e+001, 1.04775925e+001, 5.93662119e+000,
          1.17157292e+000, 0., 3.69818592e+000, 1.84593105e+001,
          3.62871895e+001, 3.90427551e+001, 2.23641338e+001,
          1.52005234e+001, 4.05476332e+000, 0., 1.01358747e+001,
          1.50635920e+001, 2.57000313e+001, 5.19554977e+001,
          4.06117325e+001, 4.24773979e+001, 7.53722477e+000, 0.,
          1.51488376e+000, 6.01142597e+000, 4.21248674e+000,
          4.24446440e+000, 4.01673937e+000, 5.59347534e+000,
          5.40652466e+000, 0., 2.49493837e+000, 2.37304153e+001,
          3.60162621e+001, 1.05923967e+001, 8.91884899e+000,
          5.85209322e+000, 1.27018321e+000, 0., 3.91036892e+000,
          8.86915016e+000, 1.13692856e+001, 3.71284981e+001,
          3.21470985e+001, 4.47398758e+001, 1.12436876e+001, 0.,
          4.06349945e+000, 1.22006836e+001, 1.27537632e+001,
          3.98805962e+001, 3.03767033e+001, 5.64076157e+001,
          4.16598663e+001, 0., 1., 3.26120377e+000, 6.39343882e+000,
          1.47513857e+001, 3.76554489e+000, 8.28427136e-001, 0., 0.,
          1.65053539e+001, 1.69215336e+001, 1.48614216e+001,
          1.97677097e+001, 9.06466007e+000, 4.92145586e+000,
          4.27805090e+000, 0., 1.06149197e+001, 2.79802437e+001,
          2.29195576e+001, 2.18175526e+001, 1.90108738e+001,
          1.88994942e+001, 1.45147190e+001, 0., 3.68148308e+001,
          1.66898899e+001, 6.10559368e+000, 1.25080500e+001,
          2.09103699e+001, 4.31242943e+001, 2.38096905e+001, 0.,
          3.13842982e-001, 2.05915699e+001, 5.09458685e+000, 0., 0., 0.,
          0., 0., 8.23611927e+000, 8.94673061e+000, 0., 0., 0., 0., 0.,
          0., 0., 6.70585918e+000, 1.29414105e+000, 0., 0., 0., 0., 0.,
          1.40468979e+000, 6.57463884e+000, 2.06713416e-002, 0., 0., 0.,
          0., 0., 0., 3.39880276e+000, 1.60119736e+000, 0., 0., 0., 0.,
          0., 0., 0., 0., 0., 0., 0., 0., 0., 0., 0., 0., 0., 0., 0., 0.,
          0., 0., 0., 0., 0., 0., 0., 0., 0., 0., 1.31251097e+000,
          6.87489033e-001, 0., 0., 0., 0., 0., 0., 0., 0., 0., 0., 0.,
          0., 0., 0., 0., 0., 0., 0., 0., 0., 0., 0., 0., 0., 0., 0., 0.,
          0., 0., 0., 0., 1., 0., 0., 0., 0., 0., 0., 0., 0., 0., 0., 0.,
          0., 0., 0., 0., 0., 0., 0., 0., 0., 0., 0., 0., 0., 0., 0., 0.,
          0., 1.33459244e+001, 3.65407538e+000, 0., 0., 0.,
          2.86187935e+001, 6.38120604e+000, 4.14213568e-001,
          1.32458258e+000, 2.61203885e-001, 3.28317986e+001,
          1.33397732e+001, 2.48528147e+000, 6.08194208e+000,
          2.61203885e-001, 3.03479939e+001, 1.86814423e+001,
          9.94112587e+000, 1.23540201e+001, 6.75417423e-001,
          1.38995008e+001, 4.10049868e+000, 4.14213568e-001,
          8.19013596e+000, 2.39565039e+000, 1.10103941e+001,
          3.86048279e+001, 9.11269855e+000, 1.58130493e+001,
          1.45902908e+000, 2.03908787e+001, 4.54964218e+001,
          2.23675327e+001, 3.01404152e+001, 8.60475159e+000,
          2.17397614e+001, 3.49048996e+001, 3.43797264e+001,
          5.27823677e+001, 2.31932430e+001, 6.27618551e+000,
          5.72381449e+000, 8.28427136e-001, 1.49737473e+001,
          1.19782519e+000, 2.26792469e+001, 3.95928307e+001,
          7.45584393e+000, 1.37386665e+001, 4.53341150e+000,
          1.36939812e+000, 2.04173985e+001, 2.36101723e+001,
          7.02482452e+001, 8.35478210e+000, 4.24734497e+000,
          1.99831028e+001, 3.56223679e+001, 9.22628860e+001,
          2.38842964e+001, 2.69365668e+000, 1.04068489e+001,
          4.14213562e+000, 5.75735950e+000, 0., 3.43703880e+001,
          2.15585461e+001, 4.97056293e+000, 1.15104799e+001,
          7.59002495e+000, 3.18101654e+001, 2.22487087e+001,
          2.44386005e+001, 4.09801178e+001, 5.22407770e-001,
          4.14568977e+001, 2.73299007e+001, 2.15391045e+001,
          7.09285507e+001, 1.27455463e+001, 2.37457294e+001,
          2.25427103e+000, 0., 0., 0., 1.49927864e+001, 3.00721312e+000,
          0., 0., 0., 6.40106344e+000, 1.59893632e+000, 0., 0., 0.,
          6.50482035e+000, 1.49517953e+000, 0., 0., 0., 3.97598219e+000,
          1.02401793e+000, 0., 0., 0., 0., 0., 0., 0., 0., 0., 0., 0.,
          0., 0., 0., 0., 0., 0., 0., 1.39601898e+000, 6.03981078e-001,
          0., 0., 0., 0., 0., 0., 0., 0., 0., 0., 0., 0., 0., 0., 0., 0.,
          0., 0., 5.14718652e-001, 4.85281378e-001, 0., 0., 0., 0., 0.,
          0., 0., 0., 0., 0., 0., 0., 0., 0., 0., 0., 0., 0., 0., 0., 0.,
          3.53299832e+000, 1.14670019e+001, 0., 2.17157292e+000,
          8.28427136e-001, 7.46988106e+000, 2.35301189e+001,
          4.14213568e-001, 1.58578646e+000, 2.89949489e+000,
          1.84982014e+001, 2.56023026e+001, 0., 1.75735927e+000,
          5.79898977e+000, 4.27579994e+001, 2.66856518e+001,
          2.61203885e-001, 2.32458258e+000, 2.07106781e+000,
          7.70713520e+000, 1.36360102e+001, 5.22407770e-001,
          8.82073784e+000, 6.21320343e+000, 4.63047943e+001,
          1.61388588e+001, 6.50805616e+000, 1.36929541e+001,
          1.86396103e+001, 6.98570404e+001, 2.93023396e+001,
          1.07805405e+001, 1.92488976e+001, 2.65096684e+001,
          7.84945145e+001, 3.19663830e+001, 7.75922477e-001,
          9.08194160e+000, 5.38477612e+000, 8.83756065e+000,
          4.91979885e+000, 4.54668713e+000, 4.62488556e+000,
          9.52691174e+000, 4.77750778e+001, 1.55264387e+001,
          3.10357380e+000, 1.62690086e+001, 2.44386005e+001,
          6.52973328e+001, 4.89148188e+000, 9.65150642e+000,
          5.44368057e+001, 3.47939377e+001, 6.59295349e+001,
          4.18821287e+000, 2.61203885e-001, 7.38796115e-001,
          2.07106781e+000, 1.62784081e+001, 8.65052414e+000,
          2.43716583e+001, 9.38570118e+000, 4.97056293e+000,
          3.10478287e+001, 1.62242489e+001, 2.61203885e-001,
          2.84128952e+001, 2.94091625e+001, 4.39581947e+001,
          2.29585457e+001, 5.23469696e+001, 4.96408386e+001,
          2.56812401e+001, 3.57493362e+001, 3.58161688e+000,
          2.61203885e-001, 2.32458258e+000, 1.65685427e+000,
          6.37539291e+000, 7.38196611e+000, 1.08000145e+001,
          3.19998550e+000, 0., 0., 0., 0., 0., 0., 7.31507659e-001,
          2.26849246e+000, 2.27691841e+000, 7.23081708e-001,
          4.14213568e-001, 5.85786462e-001, 0., 0., 0., 0.,
          7.94724643e-001, 2.20527530e+000, 0., 0., 0., 0., 0., 0., 0.,
          0., 0., 0., 0., 0., 0., 0., 0., 0., 0., 0., 1.90743566e-001,
          8.09256434e-001, 0., 0., 0., 0., 0., 0., 0., 0., 0., 0., 0.,
          0., 0., 0., 0., 0., 0., 0., 4.85281378e-001, 5.14718652e-001,
          0., 0., 0., 0., 0., 0., 0., 0., 0., 0., 0., 0., 0., 0., 0. ]
      - [ 0., 1.58578646e+000, 1.67962277e+000, 3.20377231e-001,
          3.24264073e+000, 9.34314537e+000, 8., 1.82842708e+000, 0.,
          1.15864706e+000, 2.46657467e+000, 7.10116959e+000,
          3.67750053e+001, 2.76679039e+001, 1.73387489e+001,
          3.49195004e+000, 0., 0., 0., 0., 1.12630358e+001,
          2.80105662e+000, 1.93590748e+000, 0., 0., 0., 0., 0., 0., 0.,
          0., 0., 0., 3.17157292e+000, 4.14213568e-001, 0.,
          4.26120377e+000, 5.98991823e+000, 8.53302288e+000,
          3.21585488e+000, 0., 4.21516514e+000, 6.65685415e+000,
          8.20566654e+000, 1.49629374e+001, 6.76032877e+000,
          5.23016024e+000, 7.87408257e+000, 0., 3.98221779e+000, 1.,
          1.91187334e+000, 6.16466522e+001, 1.00272598e+001,
          8.24264050e+000, 7.99513006e+000, 0., 3.39454651e+000, 1.,
          1.86184096e+000, 5.31849442e+001, 1.37105742e+001,
          8.63768387e+000, 6.83159447e+000, 0., 1.02552080e+000, 0., 0.,
          0., 0., 1.01138258e+000, 9.86778069e+000, 0., 0., 0., 0., 0.,
          0., 2.97422624e+000, 1.02577388e+000, 0., 0., 0., 0., 0., 0.,
          0., 0., 0., 0., 0., 0., 0., 0., 0., 0., 0., 0., 0., 0., 0., 0.,
          0., 1.78504497e-001, 0., 0., 0., 0., 0., 0., 0., 0., 0., 0.,
          0., 0., 0., 0., 0., 0., 0., 0., 0., 0., 0., 0., 0., 0., 0.,
          3.38376093e+000, 0., 0., 0., 0., 0., 0., 0., 0., 0., 0., 0.,
          0., 0., 0., 0., 0., 0., 0., 0., 0., 0., 0., 0., 0., 0., 0., 0.,
          0., 0., 0., 0., 2.90378356e+000, 4.09621620e+000, 0., 0., 0.,
          0., 0., 0., 0., 0., 0., 0., 0., 0., 0., 0., 0., 0., 0., 0., 0.,
          0., 0., 0., 0., 0., 0., 0., 0., 0., 0., 0., 1.79153240e+000,
          8.20846748e+000, 0., 0., 0., 0., 0., 0., 0., 0., 0., 0., 0.,
          0., 0., 0., 0., 0., 0., 0., 0., 0., 0., 0., 0., 0., 0., 0., 0.,
          0., 0., 0., 1.07324934e+000, 2.47075195e+001, 2.19230905e-001,
          0., 0., 0., 0., 0., 0., 1.61808701e+001, 1.06058149e+001,
          2.13315606e-001, 0., 0., 0., 0., 0., 0., 0., 0., 0., 0., 0.,
          0., 0., 0., 0., 0., 0., 0., 0., 4.14213568e-001,
          2.75735927e+000, 4.55634928e+000, 1.59660587e+001,
          1.30601943e+000, 1.03863010e+001, 8.54263115e+000,
          7.45584393e+000, 3.64406853e+001, 2.01745377e+001, 0., 0., 0.,
          1.89184237e+000, 4.10815763e+000, 0., 0., 0., 0., 0., 0.,
          2.75735927e+000, 3.31370854e+000, 8.38654900e+000,
          7.54238272e+000, 5.34268904e+000, 2.12725353e+001,
          9.11269855e+000, 2.08151588e+001, 1.04569187e+001,
          4.71357870e+000, 1.54874315e+001, 1.98822517e+001,
          3.81546707e+001, 2.76206970e+000, 2.03374076e+000,
          1.39956961e+001, 1.61543293e+001, 3.49186592e+001,
          9.89757538e+000, 0., 1.17157292e+000, 8.28427136e-001,
          3.47966719e+000, 1.35203323e+001, 0., 0., 0., 1.25941873e+000,
          2.74058127e+000, 0., 0., 0., 0., 0., 0., 0., 0., 0., 0., 0.,
          0., 1.24264073e+000, 2.75735927e+000, 0., 0., 0., 0., 0., 0.,
          0., 0., 0., 0., 0., 0., 0., 0., 0., 0., 4.52414417e+000,
          1.47585571e+000, 0., 0., 0., 0., 0., 0., 0., 0., 0., 0., 0.,
          0., 0., 0., 0., 0., 0., 0., 5.57792664e+000, 1.42207325e+000,
          0., 0., 0., 0., 0., 0., 0., 0., 0., 0., 0., 0., 0., 0., 0., 0.,
          0., 0., 9.00500584e+000, 9.94994462e-001, 0., 0., 0., 0., 0.,
          0., 0., 0., 0., 0., 0., 0., 0., 0., 0., 0., 0., 0.,
          2.34703178e+001, 2.52968287e+000, 0., 0., 0., 2.27320480e+001,
          4.26795244e+000, 0., 0., 0., 0., 0., 0., 0., 0., 0., 0., 0.,
          0., 0., 2.61203885e-001, 6.49615526e+000, 6.62741709e+000,
          1.16152239e+001, 0., 0., 5.10050488e+000, 8.28427124e+000,
          2.87922916e+001, 4.28229332e+001, 0., 0., 0., 4.43502331e+000,
          1.05649767e+001, 0., 0., 0., 0., 0., 4.40670156e+000,
          6.10801697e+000, 5.38477612e+000, 8.83930111e+000,
          2.61203885e-001, 3.55346603e+001, 9.63691330e+000,
          7.87005758e+000, 2.00503006e+001, 5.90806961e+000,
          3.43476372e+001, 1.41670828e+001, 7.87005758e+000,
          2.86397018e+001, 3.99755211e+001, 3.38344460e+001,
          1.38518467e+001, 8.69848442e+000, 2.86764259e+001,
          3.59387970e+001, 2.04030628e+001, 5.76851034e+000,
          8.28427136e-001, 0., 0., 1.32397509e+000, 6.76024973e-001, 0.,
          0., 0., 0., 0., 0., 0., 0., 0., 0., 0., 0., 0.,
          8.99373245e+000, 1.00626779e+000, 0., 0., 0., 0., 0., 0., 0.,
          0., 0., 0., 0., 0., 0., 0., 0., 0., 0., 0., 7.62831068e+000,
          1.37168920e+000, 0., 0., 0., 0., 0., 0., 0., 0., 0., 0., 0.,
          0., 0., 0., 0., 0., 0., 0., 4.01098394e+000, 9.89015937e-001,
          0., 0., 0., 0., 0., 0., 0., 0., 0., 0., 0., 0., 0., 0., 0., 0.,
          0., 0., 3.59977698e+000, 1.98600948e+000, 4.14213568e-001, 0.,
          0., 0., 0., 0., 0., 0., 0., 0., 0., 0., 0., 0., 0., 0., 0., 0.,
          1.71254385e+000, 5.45902920e+000, 1.65685427e+000,
          2.91036892e+000, 2.61203885e-001, 0., 0., 0., 6.25125122e+000,
          1.47487488e+001, 0., 0., 0., 0., 0., 0., 0., 0., 0., 0. ]
      - [ 0., 0., 9.05738544e+000, 2.94261479e+000, 1., 0., 0., 0., 0.,
          0., 1.19074357e+000, 6.96943378e+000, 7.89676666e+000,
          1.94305599e+000, 0., 0., 0., 0., 0., 0., 0., 0., 0., 0., 0.,
          0., 0., 0., 0., 0., 0., 0., 0., 2.77895927e-001,
          1.14998417e+001, 8.84739017e+000, 2.46870899e+000,
          1.32037723e+000, 4.94503212e+000, 6.40754461e-001, 0., 0., 1.,
          2.42614961e+000, 3.94903793e+001, 2.64732990e+001,
          9.43860149e+000, 3.17157292e+000, 0., 0., 2., 6.05911827e+000,
          3.73454781e+001, 1.33527651e+001, 1.19180584e+001,
          2.32458258e+000, 0., 5.85786462e-001, 1., 3.76415825e+000,
          4.30270157e+001, 1.12088270e+001, 7.41421366e+000,
          5.32458258e+000, 0., 6.89476395e+000, 1.43809137e+001,
          1.13853610e+000, 1.26120389e+000, 3.32458258e+000, 5., 0., 0.,
          5.85786462e-001, 2., 0., 4.41421366e+000, 1.76407547e+001,
          3.20223236e+001, 2.62645550e+001, 0., 1.35204220e+000, 2., 0.,
          3.41421366e+000, 1.58578646e+000, 8.55881214e+000,
          2.07222233e+001, 0., 2.93501902e+000, 0., 0., 0., 0., 0.,
          7.65777588e+000, 0., 3.89889050e+000, 1.46733541e+001,
          4.27754849e-001, 0., 0., 0., 0., 0., 8.92150974e+000,
          9.39135742e+000, 0., 0., 0., 1., 3.91811419e+000, 0., 0., 0.,
          0., 0., 0., 0., 0., 0., 0., 0., 0., 0., 0., 0., 0., 0., 0., 0.,
          0., 0., 0., 0., 0., 0., 0., 0., 0., 0., 0., 0., 0., 0., 0., 0.,
          0., 0., 0., 0., 0., 0., 0., 0., 0., 0., 0., 0., 0., 0., 0., 0.,
          0., 0., 0., 0., 0., 0., 0., 0., 0., 0., 0., 0., 0., 0., 0., 0.,
          0., 0., 0., 0., 0., 0., 0., 0., 0., 0., 0., 0., 0., 0., 0., 0.,
          0., 0., 0., 0., 0., 0., 0., 0., 0., 0., 0., 0., 0., 0., 0., 0.,
          0., 0., 0., 0., 0., 0., 0., 0., 0., 0., 0., 0., 0., 0., 0., 0.,
          0., 0., 0., 0., 0., 0., 0., 0., 0., 0., 0., 0., 0., 0., 0., 0.,
          0., 0., 0., 0., 0., 0., 0., 0., 0., 0., 0., 0., 0.,
          9.99325275e+000, 2.00674725e+000, 0., 0., 0., 8.21298599e+000,
          1.78701413e+000, 0., 5.93955457e-001, 2.40604448e+000, 0., 0.,
          0., 0., 0., 0., 0., 0., 0., 0., 1.83629322e+001,
          2.63706732e+000, 4.14213568e-001, 5.38796139e+000,
          2.19782519e+000, 7.12219775e-001, 4.45935297e+000,
          8.28427124e+000, 3.22553139e+001, 1.82888393e+001,
          7.17793226e+000, 6.57942724e+000, 5.38477612e+000,
          2.56772518e+001, 1.01806116e+001, 6.26554632e+000,
          6.66338587e+000, 1.11837664e+001, 2.43648930e+001,
          5.22407770e-001, 1.83883266e+001, 4.19746065e+000,
          4.14213568e-001, 8.21638870e+000, 7.83611596e-001,
          4.14213568e-001, 1.75735927e+000, 6.62741709e+000,
          4.75438080e+001, 3.16572018e+001, 2.61203885e-001,
          4.49615526e+000, 2.07106781e+000, 2.13667870e+001,
          2.98047848e+001, 3.40083170e+000, 6.77074099e+000,
          1.24264073e+000, 1.26405869e+001, 9.94519997e+000,
          1.54487286e+001, 3.55127096e+000, 0., 0., 0., 1.67235432e+001,
          3.27645659e+000, 8.28427136e-001, 4.62298012e+000,
          7.54859257e+000, 0., 0., 0., 0., 0., 0., 0., 0., 0., 0., 0.,
          0., 0., 0., 0., 0., 0., 0., 0., 0., 0., 0., 0., 0., 0., 0., 0.,
          0., 0., 0., 0., 0., 0., 0., 0., 0., 0., 0., 0., 0., 0., 0., 0.,
          0., 0., 0., 0., 0., 0., 0., 0., 0., 0., 0., 0., 0., 0., 0., 0.,
          0., 0., 0., 0., 0., 0., 0., 0., 0., 0., 0., 0., 0., 0., 0., 0.,
          0., 0., 0., 0., 0., 0., 0., 0., 0., 0., 0., 0., 0., 0., 0., 0.,
          0., 4.14213568e-001, 2.00616908e+000, 4.57961750e+000, 0., 0.,
          0., 3.25840592e+000, 1.37415943e+001, 0., 0., 0., 0., 0., 0.,
          0., 0., 0., 0., 2.61203885e-001, 3.08194184e+000,
          2.48528147e+000, 7.08690929e+000, 1.10846634e+001, 0.,
          2.92893219e+000, 6.62741709e+000, 3.39596100e+001,
          3.34840431e+001, 0., 2.17157292e+000, 4.55634928e+000,
          1.77792873e+001, 3.74927902e+001, 5.22407770e-001,
          7.16388369e+000, 6.62741709e+000, 2.18104630e+001,
          3.38758278e+001, 1.15188131e+001, 4.06697369e+000,
          1.65685427e+000, 6.82073784e+000, 9.36621308e-001,
          2.57889996e+001, 2.16546516e+001, 1.07695522e+001,
          1.97867966e+001, 0., 4.24598961e+001, 1.52974634e+001,
          2.07106781e+000, 4.17157269e+000, 0., 3.61203842e+001,
          8.87961578e+000, 0., 0., 0., 6.71451378e+000, 3.28548598e+000,
          0., 1.61236286e+000, 1.38763714e+000, 2.81526909e+001,
          6.43309498e+000, 4.14213568e-001, 0., 0., 0., 0., 0., 0., 0.,
          0., 0., 0., 0., 0., 0., 0., 0., 0., 0., 0., 0., 0., 0., 0., 0.,
          0., 0., 0., 0., 0., 0., 0., 0., 0., 0., 0., 0., 0., 0., 0., 0.,
          0., 0., 0., 0., 0., 0., 0., 0., 0., 0., 0., 0., 0., 0., 0., 0.,
          0., 0., 0., 0., 0., 0., 0., 0., 0., 0., 0., 0., 0., 0., 0., 0.,
          0., 0., 0., 0., 0., 0., 0., 0., 0., 0., 0., 0., 0., 0., 0., 0.,
          0., 0., 0., 0., 0. ]
      - [ 0., 0., 1., 4.17157269e+000, 6.75069046e+000, 3.66352296e+000,
          1.44142132e+001, 2., 0., 1., 4.14213568e-001, 1.57025032e+001,
          5.20686378e+001, 7.98621941e+000, 3.24264073e+000,
          1.58578646e+000, 0., 0., 0., 0., 1.39281845e+001,
          7.18153194e-002, 0., 0., 0., 0., 0., 0., 0., 0., 0., 0., 0.,
          0., 0., 0., 5.24264050e+000, 4.92893219e+000, 1.63431454e+001,
          3.48528147e+000, 0., 7.17157269e+000, 2., 2., 13., 16., 8.,
          1.13431454e+001, 0., 2.58578634e+000, 1., 1.03994250e-001,
          4.65430031e+001, 6.31026726e+001, 3.08361168e+001,
          1.41421354e+000, 0., 0., 0., 6.90259361e+000, 7.76656647e+001,
          4.77038193e+001, 9.72792244e+000, 2., 0., 0., 1., 1., 5.,
          1.07573595e+001, 1.12426405e+001, 2., 0., 1., 3., 6.,
          1.20710678e+001, 2.24656982e+001, 2.99485149e+001,
          5.51471853e+000, 0., 5.85786462e-001, 2.41421366e+000, 3.,
          7.41421366e+000, 1.33431454e+001, 1.58284273e+001,
          4.55807419e+001, 0., 0., 0., 0., 1.41421354e+000,
          7.58578634e+000, 1.18059750e+001, 3.95127831e+001, 0., 0., 0.,
          0., 4.41421366e+000, 7.17157269e+000, 1.24142132e+001, 2., 0.,
          1.04074221e+001, 6.59164047e+000, 0., 13., 9.17157269e+000,
          1.86568546e+001, 7.71558189e+000, 0., 2.09779739e-002, 0., 0.,
          0., 0., 1.23899341e-001, 7.61280394e+000, 0., 0., 0., 0., 0.,
          0., 0., 0., 0., 6.96308136e+000, 7.11010742e+000,
          3.22048116e+000, 2., 0., 2.82842708e+000, 2.94810295e+000, 0.,
          1.34624081e+001, 1.14441643e+001, 0., 0., 0., 0.,
          4.14213568e-001, 0., 0., 0., 0., 0., 0., 0., 0., 0., 0., 0.,
          0., 0., 0., 0., 0., 0., 6.07163572e+000, 1.26934538e+001,
          7.89159000e-001, 0., 0., 3.41421366e+000, 2.17157292e+000,
          1.23899341e-001, 8.76100659e-001, 1., 0., 0., 0., 0., 0., 0.,
          0., 0., 0., 0., 0., 0., 0., 0., 0., 0., 0., 0., 0., 0., 0., 0.,
          4.43415356e+000, 9.32224941e+000, 6.68979120e+000, 1., 0., 1.,
          1., 0., 4.96216679e+000, 0., 1.30995691e+000, 1.31705732e+001,
          6.51946974e+000, 4., 5.48866749e+000, 0., 3.67443115e-001, 0.,
          7.82078123e+000, 3.99490776e+001, 2.23014307e+000,
          7.65685415e+000, 1.15974255e+001, 0., 4.70079708e+000,
          1.04856482e+001, 1.31808786e+001, 1.64340324e+001, 1., 0.,
          1.56732905e+000, 4.14213568e-001, 1.41069400e+000,
          8.12247372e+000, 1.54099274e+001, 2.64269090e+000, 1., 0., 1.,
          0., 1., 2., 8.83560944e+000, 4.57065506e+001, 1.45784116e+000,
          0., 0., 0., 0., 0., 0., 1., 0., 0., 0., 0., 0., 0., 0., 0., 0.,
          0., 0., 0., 4.34314585e+000, 3.72792196e+000, 1.88841171e+001,
          1.04481554e+000, 1.68080940e+001, 1.88781986e+001,
          9.11269855e+000, 1.66862907e+001, 5.14718652e-001, 0., 0.,
          1.24264073e+000, 1.75735927e+000, 0., 0., 0., 0., 0., 0., 0.,
          0., 3.31370854e+000, 1.93988361e+001, 3.28745627e+000, 0.,
          7.02943707e+000, 1.86396103e+001, 2.43309517e+001, 0., 0.,
          4.68629169e+000, 2.52670269e+001, 9.49122314e+001,
          3.13444638e+000, 1.01438513e+001, 6.61350822e+000,
          2.15391045e+001, 5.35690880e+001, 2.13444638e+000, 0.,
          1.17157292e+000, 4.97056293e+000, 2.02906418e+001,
          1.56722319e+000, 0., 5.85786438e+000, 1.40832615e+001,
          4.50063705e+001, 5.05250454e+000, 0., 3.92893219e+000,
          2.11248913e+001, 4.98075638e+001, 3.31386108e+001, 0., 0.,
          4.97056293e+000, 2.91925449e+001, 3.88368912e+001, 0., 0.,
          7.45584393e+000, 1.45441561e+001, 0., 1.62204018e+001,
          8.12274456e+000, 7.87005758e+000, 2.65322552e+001,
          9.25454140e+000, 0., 5.85786462e-001, 8.28427136e-001,
          5.28397226e+000, 1.13018141e+001, 0., 0., 0., 0., 0.,
          1.30707550e+001, 3.68660402e+000, 2.89949489e+000,
          5.34314585e+000, 0., 2.24435787e+001, 4.55642080e+000, 0., 1.,
          0., 0., 0., 0., 0., 0., 0., 0., 0., 0., 0., 1.87162056e+001,
          2.28379416e+000, 1.24264073e+000, 4.75735950e+000, 0.,
          1.10050511e+000, 8.99494946e-001, 0., 0., 0., 0., 0., 0., 0.,
          0., 0., 0., 0., 0., 0., 1.93249187e+001, 5.26086664e+000,
          1.24264073e+000, 1.17157292e+000, 0., 9.11446190e+000,
          6.81447077e+000, 1.20121937e+001, 1.71935520e+001,
          3.86532283e+000, 1.62044201e+001, 7.79557991e+000,
          1.28406200e+001, 3.82524223e+001, 7.90695763e+000,
          3.24314461e+001, 7.56855392e+000, 2.48528147e+000,
          8.99231052e+000, 5.22407770e-001, 5.17476845e+000,
          2.15825901e+001, 2.07106781e+000, 1.17157292e+000, 0.,
          1.04479036e+001, 1.10668144e+001, 5.38477612e+000,
          7.10050488e+000, 0., 0., 0., 0., 0., 0., 0., 0., 0., 0., 0.,
          0., 2.34314585e+000, 3.72792196e+000, 1.10108738e+001,
          1.91805816e+000, 0., 1.75735927e+000, 5.79898977e+000,
          2.59846287e+001, 4.64590225e+001, 0., 0., 0., 1.31211364e+000,
          1.26878862e+001, 0., 0., 0., 0., 0., 0., 4.51471853e+000,
          5.38477612e+000, 8.10050488e+000, 0., 2.61203885e-001,
          2.37976704e+001, 1.90538235e+001, 2.16260986e+001,
          2.61203885e-001, 0., 5.51471853e+000, 1.82253971e+001,
          7.08509598e+001, 3.24089279e+001, 0., 3.92893219e+000,
          2.56812401e+001, 7.50287476e+001, 3.73610802e+001, 0.,
          1.75735927e+000, 5.79898977e+000, 1.39212427e+001,
          5.22407770e-001, 0., 8.20100975e+000, 2.02964649e+001,
          3.45025253e+001, 0., 4.58481903e+001, 2.88675385e+001,
          1.78111839e+001, 1.54730883e+001, 0., 4.33951721e+001,
          1.55337610e+001, 5.79898977e+000, 6.27207804e+000, 0., 0.,
          1.17157292e+000, 5.38477612e+000, 7.44365072e+000, 0.,
          3.21990929e+001, 6.97248077e+000, 9.94112587e+000,
          1.38873014e+001, 0., 2.66405525e+001, 4.35944653e+000, 0., 0.,
          0., 0., 0., 0., 0., 0., 1.07916946e+001, 5.55145121e+000,
          4.14213562e+000, 3.51471853e+000, 0., 1.93315411e+001,
          4.66845846e+000, 0., 0., 0., 0., 0., 0., 0., 0., 0., 0., 0.,
          0., 0., 9.20629215e+000, 4.96528053e+000, 1.24264073e+000,
          1.56583929e+000, 2.01994729e+000, 5.85786462e-001,
          4.14213568e-001, 0., 0., 0., 0., 0., 0., 0., 0., 0., 0., 0.,
          0., 0., 1.15190859e+001, 2.06670070e+000, 1.24264073e+000,
          4.01115322e+000, 8.16041946e+000, 3.42380981e+001,
          1.51050472e+001, 5.38477612e+000, 7.85662365e+000,
          9.41545391e+000, 3.63980942e+001, 1.28739853e+001,
          4.55634928e+000, 6.67977047e+000, 4.24918022e+001,
          2.10007992e+001, 4.58498812e+000, 4.14213568e-001,
          5.48884201e+000, 2.75111580e+001, 5.85786462e-001,
          2.58578634e+000, 4.55634928e+000, 1.83092041e+001,
          2.96287370e+000, 0., 3.17157292e+000, 2.89949489e+000,
          1.10561924e+001, 4.28727379e+001, 0., 0., 0., 2.39121154e-001,
          7.60878861e-001, 0., 0., 0., 0., 0. ]
      - [ 0., 0., 1.35899391e+001, 1.41488571e+001, 2.26120377e+000, 1.,
          0., 0., 0., 1., 2.94082665e+000, 1.69877605e+001,
          3.83905029e+001, 6.26669645e+000, 7.41421366e+000, 0., 0., 0.,
          3.20377231e-001, 8.75838661e+000, 1.78122826e+001,
          1.08954087e-001, 0., 0., 0., 0., 0., 0., 0., 0., 0., 0., 0.,
          0., 0., 1., 6., 4.75735950e+000, 1.28994951e+001,
          4.34314585e+000, 0., 5.85786462e-001, 3., 2., 8.65685463e+000,
          2.11715736e+001, 3.35857849e+001, 5.58578634e+000, 0.,
          1.01715727e+001, 3.41421366e+000, 3.06555009e+000,
          5.50060120e+001, 2.78388081e+001, 1.30896311e+001,
          1.17573595e+001, 0., 0., 0., 1.66416311e+000, 5.78616562e+001,
          7.03464050e+001, 2.41277771e+001, 2., 0., 1., 1., 0., 6., 2.,
          9.24264050e+000, 8.34314537e+000, 0., 0., 0., 0.,
          1.64142132e+001, 4.55595360e+001, 2.98546791e+001,
          2.17157292e+000, 0., 2.09957504e+000, 4., 1.11715727e+001,
          2.40710678e+001, 2.96862907e+001, 2.40902386e+001,
          1.45345182e+001, 0., 0., 2., 2., 4.41421366e+000,
          2.31715736e+001, 2.32924118e+001, 4.38837891e+001, 0.,
          6.30801439e+000, 7.94253874e+000, 2.64888096e+000,
          1.82842708e+000, 2.58578634e+000, 2.24264073e+000,
          1.90758038e+000, 0., 2.64376431e+001, 9.97145462e+000, 1.,
          3.41421366e+000, 7.17157269e+000, 2.41421366e+000, 1., 0.,
          4.24578714e+000, 0., 0., 0., 5.85786462e-001, 2.41421366e+000,
          3.53777838e+000, 0., 0., 0., 0., 0., 0., 0., 0., 0.,
          9.92638969e+000, 5.31689405e+000, 0., 0., 0., 0., 0., 0., 0.,
          1., 0., 0., 0., 0., 0., 0., 0., 0., 0., 0., 0., 0., 0., 0., 0.,
          0., 0., 0., 0., 0., 0., 0., 1.56919992e+000, 7.33460617e+000,
          9.61939320e-002, 0., 0., 0., 0., 0., 0., 0., 0., 0., 0., 0.,
          0., 0., 0., 0., 0., 0., 0., 0., 0., 0., 0., 0., 0., 0., 0., 0.,
          0., 0., 1.34647381e+000, 4.70943785e+000, 2.50015163e+000, 0.,
          0., 0., 7.05115736e-001, 0., 5.42276955e+000, 1.,
          2.05792594e+000, 9.14569473e+000, 2.79637909e+000,
          5.50384474e+000, 6.48916912e+000, 0., 1.37869811e+000,
          2.48110786e-001, 1.09279633e+001, 3.72570076e+001,
          2.56691957e+000, 3.24264073e+000, 9.37262344e+000, 0.,
          3.34529257e+000, 1.02775650e+001, 6.04088640e+000,
          4.66895008e+000, 0., 0., 0., 0., 6.84099436e+000,
          6.21347094e+000, 1.93912351e+000, 2., 0., 1.41421354e+000,
          3.27648973e+000, 4.14213568e-001, 1.58578646e+000,
          4.14213568e-001, 1.34183919e+000, 4.53176804e+001,
          1.34048092e+000, 4.24264050e+000, 3.34314585e+000, 0., 0., 0.,
          0., 1., 0., 0., 0., 0., 0., 0., 0., 0., 0., 0., 0.,
          1.02226000e+001, 1.65347595e+001, 1.65685427e+000,
          5.85786462e-001, 0., 2.69353409e+001, 1.54078054e+001,
          4.55634928e+000, 1.43168936e+001, 7.83611596e-001,
          1.04145203e+001, 3.58547974e+000, 1.24264073e+000,
          1.75735927e+000, 0., 0., 0., 0., 0., 0., 0., 5.85786462e-001,
          4.97056293e+000, 1.74436512e+001, 0., 0., 3.51471853e+000,
          1.44974747e+001, 4.68533592e+001, 3.13444638e+000, 0.,
          1.25441561e+001, 2.81665230e+001, 4.45602570e+001,
          2.72906590e+000, 0., 2.34314585e+000, 1.82253971e+001,
          8.27352676e+001, 2.16961899e+001, 0., 1.17157292e+000,
          7.45584393e+000, 1.33725834e+001, 0., 0., 0., 1.78111839e+001,
          5.70095558e+001, 3.17926192e+000, 0., 1.23015156e+001,
          2.48528137e+001, 5.23747749e+001, 1.24708958e+001, 0.,
          2.34314585e+000, 1.86396103e+001, 5.39554901e+001,
          4.10617523e+001, 1.31001501e+001, 3.65720916e+000,
          3.31370854e+000, 5.92893219e+000, 0., 3.51906776e+001,
          7.98089361e+000, 4.14213562e+000, 7.68629169e+000, 0.,
          8.53996563e+000, 2.46003437e+000, 2.89949489e+000,
          7.43372726e+000, 4.66677809e+000, 0., 0., 0., 0., 0.,
          1.43811150e+001, 2.61888528e+000, 0., 0., 0., 5.85786462e-001,
          4.14213568e-001, 0., 0., 0., 0., 0., 0., 0., 0., 0., 0., 0.,
          0., 0., 7.98601770e+000, 1.01398242e+000, 0., 0., 0., 0., 0.,
          0., 0., 0., 0., 0., 0., 0., 0., 0., 0., 0., 0., 0.,
          8.33204269e+000, 1.66795695e+000, 8.28427136e-001,
          6.82073784e+000, 1.35083485e+000, 8.87203026e+000,
          8.22847557e+000, 9.11269855e+000, 2.11747570e+001,
          1.61203873e+000, 2.11176128e+001, 8.81131840e+000,
          1.11837664e+001, 2.31036892e+001, 7.83611596e-001,
          1.95430031e+001, 3.45699739e+000, 0., 0., 0., 9.37898731e+000,
          8.37837124e+000, 3.31370854e+000, 5.66772842e+000,
          2.61203885e-001, 0., 9.02943707e+000, 1.03553391e+001,
          1.26152239e+001, 0., 0., 0., 0., 0., 0., 0., 0., 0., 0., 0.,
          0., 0., 5.38477612e+000, 2.05518456e+001, 3.06337857e+000, 0.,
          1.17157292e+000, 4.55634928e+000, 1.85425243e+001,
          4.27295532e+001, 0., 5.85786462e-001, 4.14213568e-001,
          3.56568027e+000, 2.34343204e+001, 0., 0., 0., 0., 0., 0.,
          3.51471853e+000, 7.04163074e+000, 8.44365120e+000, 0., 0.,
          1.39583693e+001, 2.02964649e+001, 2.67451668e+001, 0.,
          2.61203885e-001, 3.02413216e+001, 2.89949493e+001,
          5.03529816e+001, 2.21495438e+001, 0., 2.34314585e+000,
          2.02964649e+001, 7.30721359e+001, 4.82882576e+001, 0.,
          7.44365072e+000, 7.45584393e+000, 5.10050488e+000, 0., 0.,
          1.75735927e+000, 2.52670269e+001, 4.59756126e+001, 0.,
          2.39102955e+001, 1.01191406e+001, 3.02375908e+001,
          4.47329712e+001, 0., 5.30085030e+001, 1.98493614e+001,
          1.61543293e+001, 1.89878063e+001, 0., 1.07183399e+001,
          4.62480593e+000, 4.14213562e+000, 5.51471853e+000, 0.,
          3.57943535e+001, 9.96300507e+000, 4.97056293e+000,
          8.27207756e+000, 0., 2.94423008e+001, 4.14348650e+000,
          8.28427136e-001, 5.85786462e-001, 0., 0., 0., 0., 0., 0.,
          1.27010489e+001, 2.88473701e+000, 4.14213568e-001, 0., 0., 0.,
          0., 0., 0., 0., 0., 0., 0., 0., 0., 0., 0., 0., 0., 0.,
          2.63994002e+000, 3.60060006e-001, 1.24264073e+000,
          1.75735927e+000, 0., 0., 0., 0., 0., 0., 0., 0., 0., 0., 0.,
          0., 0., 0., 0., 0., 1.55939522e+001, 1.40604746e+000, 0.,
          6.60783947e-001, 4.33921623e+000, 3.41772881e+001,
          1.15090027e+001, 5.79898977e+000, 4.17952633e+000,
          7.33519268e+000, 3.40930367e+001, 1.07648287e+001,
          4.14213562e+000, 6.37980223e+000, 4.46201973e+001,
          6.50103951e+000, 1.49896049e+000, 0., 2.32173085e+000,
          1.06782694e+001, 1.15538635e+001, 9.37506866e+000,
          3.72792196e+000, 2.50179267e+000, 8.41352940e-001, 0.,
          4.51471853e+000, 3.72792196e+000, 5.55799818e+000,
          4.11993599e+001, 0., 0., 0., 1.23899341e-001, 8.76100659e-001,
          0., 0., 0., 0., 0. ]
      - [ 0., 0., 0., 1.16052494e+001, 1.13947506e+001, 0., 1., 0., 0.,
          0., 0., 4.18775225e+000, 4.81224775e+000, 0., 0., 0., 0., 0.,
          0., 0., 0., 0., 0., 0., 0., 0., 0., 0., 0., 0., 0., 0., 0., 1.,
          1., 3.94684267e+000, 4.39691067e+000, 3.82781959e+000,
          5.65685415e+000, 5.17157269e+000, 0., 2., 1., 8.59998322e+000,
          4.20512619e+001, 1.79345417e+001, 7.41421366e+000, 2., 0., 0.,
          0., 1.06324983e+000, 5.02574997e+001, 3.55819321e+001,
          9.09732056e+000, 0., 0., 0., 1., 9.12959003e+000,
          5.14583435e+001, 2.64120655e+001, 4., 0., 0., 0., 0., 0.,
          3.24264073e+000, 1.75780964e+001, 8.17926216e+000, 2., 0.,
          5.34314585e+000, 4., 3., 6., 2.16778812e+001, 2.33221188e+001,
          3., 0., 5.17157269e+000, 5., 9., 2.48994942e+001,
          2.60108738e+001, 2.30896301e+001, 4., 0., 1., 0., 1.,
          8.07106781e+000, 5.28162346e+001, 6.00732651e+001,
          5.13386459e+001, 0., 0., 0., 0., 2.41421366e+000,
          1.45147190e+001, 1.10710678e+001, 1., 0., 2.97883004e-001,
          2.63284111e+000, 4.06927586e+000, 10., 2.60777359e+001,
          2.89222641e+001, 4., 0., 2.91318531e+001, 3.96791434e+000, 3.,
          7.41421366e+000, 2.65070286e+001, 2.91725941e+001,
          2.19913578e+001, 0., 1.33877707e+000, 0., 0., 0., 0., 1.,
          2.03950233e+001, 0., 2.55241847e+000, 8.04358673e+000,
          4.72857666e+000, 4.67541742e+000, 4.17157269e+000,
          4.65685415e+000, 1.17157292e+000, 0., 1.97581558e+001,
          2.20776501e+001, 0., 1., 0., 2.41421366e+000, 4.77652979e+000,
          0., 5.62570047e+000, 3.37429976e+000, 0., 0., 0., 0., 0., 0.,
          0., 0., 0., 0., 0., 0., 0., 4.77479839e+000, 4.41161442e+000,
          1.19678001e+001, 5.44641304e+000, 0., 0., 1., 1.39937365e+000,
          0., 8.21778774e-002, 0., 0., 5.70271873e+000, 4.29728127e+000,
          9., 1.13725357e+001, 0., 3.98871750e-002, 0., 4.00880098e+000,
          1.41261139e+001, 2.86508560e+000, 6., 1.11016417e+001, 0.,
          7.03531456e+000, 1.12015381e+001, 1.33895683e+001,
          6.41070938e+000, 2.61203885e-001, 1.41421354e+000,
          1.60479105e+000, 0., 0., 2.41421366e+000, 6.38554478e+000,
          1.82002411e+001, 0., 0., 0., 0., 0., 0., 3.71659589e+000,
          3.18444118e+001, 4.38993096e-001, 0., 0., 0., 0., 0.,
          4.13683796e+000, 1.78438988e+001, 1.92634836e-002, 0., 0., 0.,
          0., 0., 9.67544258e-001, 3.03245568e+000, 0., 0., 0., 0., 0.,
          0., 2.56565738e+000, 8.43434238e+000, 0., 0., 0., 0., 0., 0.,
          0., 0., 0., 0., 0., 0., 0., 0., 0., 0., 0., 0., 0., 0., 0., 0.,
          0., 0., 0., 0., 0., 1.66647053e+001, 3.33529520e+000,
          4.14213568e-001, 5.85786462e-001, 0., 4.71533632e+000,
          1.28466368e+000, 0., 0., 0., 0., 0., 0., 0., 0., 0., 0., 0.,
          0., 0., 4.44442034e+000, 3.72715259e+000, 3.31370854e+000,
          1.29923105e+001, 5.22407770e-001, 1.55192986e+001,
          6.23806143e+000, 1.61543293e+001, 2.45569897e+001,
          2.53132296e+000, 0., 2.34314585e+000, 1.32548342e+001,
          5.09880638e+001, 6.41395807e+000, 1.03350821e+001,
          9.52278233e+000, 1.24264069e+001, 3.19894581e+001,
          4.72626972e+000, 0., 0., 7.04163074e+000, 2.09135532e+001,
          1.04481554e+000, 0., 8.20100975e+000, 1.20121937e+001,
          3.74097099e+001, 4.37708712e+000, 0., 1.17157288e+001,
          2.69238815e+001, 3.63155746e+001, 1.04481554e+000, 0.,
          1.17157292e+000, 3.10660172e+001, 1.13339539e+002,
          3.94228745e+001, 0., 0., 7.04163074e+000, 1.99583702e+001, 0.,
          2.39747500e+000, 2.94567084e+000, 2.19533195e+001,
          3.80281181e+001, 6.75417423e-001, 3.43602409e+001,
          8.39712048e+000, 1.61543293e+001, 6.25319252e+001,
          5.55638504e+000, 3.58270502e+000, 4.00308132e+000,
          2.89949489e+000, 1.14906178e+001, 2.60241013e+001,
          9.31587410e+000, 5.85569859e+000, 2.48528147e+000,
          8.34314537e+000, 0., 3.91426468e+001, 4.85735416e+000,
          2.07106781e+000, 5.92893219e+000, 0., 7.30326271e+000,
          1.69673753e+000, 0., 0., 0., 0., 0., 0., 0., 0.,
          6.24959850e+000, 1.66793346e+001, 3.31370854e+000,
          2.01856327e+000, 7.38796115e-001, 0., 2.34314585e+000,
          1.28406200e+001, 2.48172340e+001, 7.99899960e+000,
          5.74992228e+000, 4.00743723e+000, 1.15979795e+001,
          2.32579594e+001, 9.38670158e+000, 3.31449432e+001,
          8.02663040e+000, 2.48528147e+000, 3.34314585e+000, 0.,
          1.01527090e+001, 7.43307734e+000, 4.14213568e-001, 0., 0.,
          7.01683617e+000, 2.56895041e+000, 2.89949489e+000,
          6.51471853e+000, 0., 9.36592770e+000, 3.63407230e+000,
          4.14213568e-001, 5.85786462e-001, 0., 1.43556535e+000,
          5.64434648e-001, 0., 0., 0., 5.29537249e+000, 2.70462728e+000,
          0., 0., 0., 0., 0., 0., 0., 0., 0., 0., 0., 0., 0., 0., 0., 0.,
          0., 0., 0., 0., 0., 2.63120699e+000, 2.03687935e+001, 0., 0.,
          0., 1.81982696e+000, 7.18017292e+000, 0., 0., 0., 0., 0., 0.,
          0., 0., 0., 0., 0., 4.68629169e+000, 4.55634928e+000,
          4.25111675e+000, 7.50624275e+000, 0., 2.92893219e+000,
          9.11269855e+000, 2.91511726e+001, 3.28071976e+001, 0., 0.,
          8.69848442e+000, 4.36708603e+001, 3.96306534e+001, 0., 0.,
          4.14213562e+000, 4.46175613e+001, 3.82403030e+001, 0.,
          1.17157292e+000, 8.28427124e+000, 1.75441551e+001, 0., 0.,
          2.23725834e+001, 1.94680367e+001, 2.81593800e+001, 0., 0.,
          1.29583693e+001, 2.89949493e+001, 4.10466805e+001, 0.,
          4.48245850e+001, 2.49622097e+001, 3.02375908e+001,
          4.89756126e+001, 0., 0., 5.85786462e-001, 7.45584393e+000,
          1.19583693e+001, 0., 5.85786462e-001, 4.92893219e+000,
          1.94680367e+001, 2.70172443e+001, 0., 4.27679787e+001,
          2.77051086e+001, 2.40243874e+001, 2.72413216e+001,
          2.61203885e-001, 5.22723465e+001, 1.04850121e+001,
          1.24264073e+000, 0., 0., 4.01718473e+000, 3.74017477e+000,
          4.55634928e+000, 1.24884663e+001, 1.19782519e+000,
          2.60955963e+001, 1.47622681e+001, 4.55634928e+000,
          5.85786462e-001, 0., 5.67697620e+000, 1.32302392e+000, 0., 0.,
          0., 0., 0., 0., 0., 0., 6.73895979e+000, 3.01839924e+000,
          4.97056293e+000, 7.27207804e+000, 0., 3.70965691e+001,
          1.14181480e+001, 5.79898977e+000, 5.25072622e+000,
          1.43556535e+000, 3.53560295e+001, 7.15868759e+000,
          4.14213562e+000, 4.47360373e+000, 1.48695421e+001,
          2.22477207e+001, 4.50963831e+000, 1.24264073e+000,
          3.31685352e+000, 2.06831474e+001, 0., 0., 4.14213568e-001,
          3.19825840e+000, 2.13875275e+001, 0., 0., 0., 3.12365484e+000,
          3.28763466e+001, 0., 0., 0., 1.94014454e+000, 2.00598545e+001,
          0., 0., 0., 1.04584205e+000, 2.95415783e+000, 0., 0., 0.,
          1.20869112e+000, 9.79130936e+000, 0., 0., 0., 0., 0., 0., 0.,
          0., 0., 0., 0., 0., 0., 0., 0. ]
      - [ 0., 0., 0., 5.85786462e-001, 1.82842708e+000, 4.75735950e+000,
          2.18284264e+001, 0., 0., 0., 1.41421354e+000, 1.29184017e+001,
          6.07711411e+001, 5.89624453e+000, 8., 1.58578646e+000, 0., 0.,
          0., 1.40757278e-001, 3.62503662e+001, 6.08876228e-001, 2., 0.,
          0., 0., 0., 0., 0., 0., 0., 0., 0., 0., 0., 0., 5.,
          9.17157269e+000, 1.22426405e+001, 1.58578646e+000, 0.,
          1.11715727e+001, 5., 2., 5.41421366e+000, 1.45857868e+001, 18.,
          4.58578634e+000, 0., 0., 1., 1.11285031e+000, 4.16437950e+001,
          6.01012154e+001, 2.71421356e+001, 6., 0., 0., 0.,
          2.06187367e+000, 7.08359146e+001, 4.65983696e+001,
          2.85038452e+001, 3., 0., 0., 0., 0., 2., 8., 16., 1., 0., 0.,
          7., 3., 2.41421366e+000, 3.07867966e+001, 3.97989883e+001, 1.,
          0., 2., 8., 3.58578634e+000, 9.82842731e+000, 1.35857868e+001,
          10., 1.74897900e+001, 0., 0., 0., 0., 0., 1.90294380e+001,
          2.27851162e+001, 4.26738625e+001, 0., 0., 0., 0., 5., 8., 11.,
          0., 0., 2.76140041e+001, 3.24309206e+000, 0., 4., 7., 16.,
          4.99207163e+000, 0., 1.35796487e-001, 0., 0., 0., 0., 0.,
          6.19443369e+000, 0., 0., 0., 0., 0., 0., 0., 0., 0.,
          5.82847452e+000, 1.40435867e+001, 1.27939045e-001, 2., 0., 1.,
          0., 0., 1.29577017e+001, 4.51198483e+000, 0., 0., 0., 0., 0.,
          0., 0., 0., 0., 0., 0., 0., 0., 0., 0., 0., 0., 0., 0., 0., 0.,
          0., 1.12550306e+001, 6.45960903e+000, 5.70005655e-001, 0., 0.,
          4.14213568e-001, 3.58578634e+000, 0., 0., 0., 0., 0., 0., 0.,
          0., 0., 0., 0., 0., 0., 0., 0., 0., 0., 0., 0., 0., 0., 0., 0.,
          0., 0., 1.51253390e+000, 1.39735613e+001, 5.02643919e+000,
          1.41421354e+000, 1.58578646e+000, 1.41421354e+000,
          1.58578646e+000, 0., 6.47126389e+000, 0., 0., 1.58578646e+000,
          2., 5.24264050e+000, 2.92404652e+000, 0., 3.06518435e-001, 0.,
          0., 3.02123966e+001, 5.37339020e+000, 8.65685463e+000,
          9.98678970e+000, 0., 7.72095680e+000, 1.21054049e+001,
          1.29440651e+001, 2.29511585e+001, 6.40332103e-001,
          3.41421366e+000, 1.88683724e+000, 1.62345695e+000,
          3.72836518e+000, 1.08047724e+001, 7.42919159e+000,
          3.41421366e+000, 1., 1., 0., 0., 1.32434428e+000,
          2.93662143e+000, 1.47248459e+001, 4.67321167e+001,
          7.36377525e+000, 4.82842731e+000, 3.12389946e+000, 0., 0., 0.,
          8.33490416e-002, 1.77290707e+001, 1.87581196e-001, 0., 0., 0.,
          0., 0., 0., 0., 0., 0., 0., 0., 5.85786462e-001,
          5.79898977e+000, 2.16152229e+001, 0., 1.04148293e+001,
          2.15435410e+001, 1.44974747e+001, 1.22829523e+001,
          2.61203885e-001, 5.85786462e-001, 1., 4.55634928e+000,
          9.33545685e+000, 5.22407770e-001, 0., 0., 0., 0., 0., 0., 0.,
          4.55634928e+000, 1.81824474e+001, 2.61203885e-001, 0.,
          1.33725834e+001, 1.69827557e+001, 2.68610497e+001,
          7.83611596e-001, 0., 2.92893219e+000, 2.69238815e+001,
          8.54140244e+001, 3.73315883e+000, 4.18731785e+000,
          4.57004118e+000, 1.53259020e+001, 7.00546112e+001,
          1.68621292e+001, 0., 0., 8.28427124e+000, 1.67157288e+001, 0.,
          0., 5.85786438e+000, 1.15979795e+001, 5.96894760e+001,
          4.85467958e+000, 0., 8.20100975e+000, 1.53259020e+001,
          2.70750389e+001, 2.43980484e+001, 0., 0., 8.28427124e+000,
          4.94912033e+001, 4.32245255e+001, 0., 0., 6.62741709e+000,
          1.23725834e+001, 0., 2.50920753e+001, 9.42264271e+000,
          1.11837664e+001, 2.03604240e+001, 5.94109058e+000,
          6.38697922e-001, 3.61302108e-001, 4.14213568e-001,
          4.97848606e+000, 1.26073008e+001, 0., 0., 0., 0., 0.,
          1.79194508e+001, 2.08054924e+000, 4.14213568e-001,
          5.85786462e-001, 0., 1.57544603e+001, 3.24553990e+000, 0., 0.,
          0., 0., 0., 0., 0., 0., 0., 0., 0., 0., 0., 1.74221706e+001,
          3.57783031e+000, 8.28427136e-001, 3.17157292e+000, 0., 0., 0.,
          0., 0., 0., 0., 0., 0., 0., 0., 0., 0., 0., 0., 0.,
          1.96351681e+001, 2.36483288e+000, 1.65685427e+000,
          3.34314585e+000, 0., 1.35793629e+001, 5.42063713e+000,
          5.79898977e+000, 1.32010098e+001, 0., 0., 6.68629169e+000,
          1.53259020e+001, 4.13757668e+001, 1.61203873e+000,
          3.97342262e+001, 8.26577282e+000, 2.48528147e+000,
          1.02535143e+001, 2.61203885e-001, 1.27997007e+001,
          1.03718719e+001, 1.24264073e+000, 1.58578646e+000, 0.,
          1.07364273e+001, 2.18787956e+001, 1.49116879e+001,
          1.82118835e+001, 2.61203885e-001, 0., 2.17157292e+000,
          1.65685427e+000, 3.17157292e+000, 0., 0., 0., 0., 0., 0., 0.,
          0., 2.48528147e+000, 5.51471853e+000, 0., 0., 3.92893219e+000,
          7.87005758e+000, 3.82182808e+001, 3.59827309e+001, 0., 0., 0.,
          3.38189268e+000, 3.36181068e+001, 0., 0., 0., 0., 0., 0.,
          1.17157292e+000, 7.04163074e+000, 9.78679657e+000, 0.,
          2.61203885e-001, 2.34545250e+001, 1.65685425e+001,
          1.47157288e+001, 0., 0., 1.26152239e+001, 2.44386005e+001,
          7.02054977e+001, 2.27406807e+001, 0., 4.75735950e+000,
          1.44974747e+001, 7.16814346e+001, 4.40637321e+001, 0.,
          5.85786462e-001, 4.55634928e+000, 5.85786438e+000, 0., 0.,
          1.75735927e+000, 2.15391045e+001, 3.27035370e+001, 0.,
          3.89659195e+001, 1.33061581e+001, 1.36690474e+001,
          1.70588741e+001, 0., 4.86804466e+001, 1.83489914e+001,
          1.44974747e+001, 1.44730883e+001, 0., 0., 0., 5.38477612e+000,
          7.61522388e+000, 0., 3.54802475e+001, 1.46202574e+001,
          7.45584393e+000, 6.44365072e+000, 0., 2.75952835e+001,
          3.40471673e+000, 0., 0., 0., 0., 0., 0., 0., 0.,
          8.99729729e+000, 3.00270295e+000, 2.07106781e+000,
          2.92893219e+000, 0., 1.43643084e+001, 2.63569212e+000, 0., 0.,
          0., 0., 0., 0., 0., 0., 0., 0., 0., 0., 0., 1.34472933e+001,
          5.31006575e+000, 1.24264073e+000, 3.63126278e-001,
          1.63687372e+000, 0., 0., 0., 0., 0., 0., 0., 0., 0., 0., 0.,
          0., 0., 0., 0., 3.21674156e+000, 1.95483124e+000,
          2.48528147e+000, 6.20209312e+000, 1.01410522e+001,
          3.35286407e+001, 6.64293242e+000, 2.07106781e+000,
          2.49615550e+000, 2.61203885e-001, 3.62319412e+001,
          1.18685646e+001, 4.55634928e+000, 5.69195747e+000,
          2.86511879e+001, 2.06127663e+001, 4.55880594e+000,
          8.28427136e-001, 5.25893021e+000, 3.37410698e+001,
          5.59327936e+000, 1.40672076e+000, 2.89949489e+000,
          1.40529013e+001, 2.04760408e+000, 3.87286377e+000,
          4.64185476e+000, 7.45584393e+000, 2.51748276e+001,
          4.08546104e+001, 0., 0., 0., 1.44292688e+000, 1.65570736e+001,
          0., 0., 0., 0., 0. ]
      - [ 0., 0., 0., 3.26120377e+000, 1.17387962e+001, 7.17157269e+000,
          1.08284273e+001, 0., 0., 5.85786462e-001, 1.67541742e+000,
          1.76877270e+001, 6.23873482e+001, 6.66372108e+000, 2., 1., 0.,
          0., 0., 1.10847473e+000, 3.12395916e+001, 3.65193367e+000, 0.,
          0., 0., 0., 0., 0., 0., 0., 0., 0., 0., 0., 0., 0., 0.,
          1.21715727e+001, 1.48284273e+001, 0., 0., 8.34314537e+000,
          3.41421366e+000, 1., 1.16568546e+001, 1.63431454e+001,
          1.94142132e+001, 8.34314537e+000, 0., 1.41421354e+000, 0.,
          1.09950870e-001, 5.18138466e+001, 5.52477760e+001,
          2.46568546e+001, 1.11715727e+001, 0., 0., 0., 4.20359612e+000,
          6.46252899e+001, 5.07442093e+001, 2.24269104e+001, 5., 0., 0.,
          0., 0., 0., 6.58578634e+000, 2.02426414e+001, 5.17157269e+000,
          0., 3.58578634e+000, 7., 1., 3.41421366e+000, 2.72493095e+001,
          2.94075451e+001, 8.92893219e+000, 0., 4.73600769e+000, 2., 0.,
          8., 9., 1.34142132e+001, 2.52366295e+001, 0., 0., 0., 0., 2.,
          8.92893219e+000, 3.05824814e+001, 4.44967003e+001, 0., 0., 0.,
          0., 2., 5., 5., 5., 0., 1.62549305e+001, 5.45227051e+000, 0.,
          3., 2., 1.05038443e+001, 1.89351997e+001, 0., 1.38948727e+000,
          0., 0., 0., 0., 0., 9.72525692e+000, 0., 0., 0., 0., 0., 0.,
          0., 0., 0., 1.06626520e+001, 6.66180086e+000, 2.63587803e-001,
          2., 0., 1., 5.75735950e+000, 0., 1.26000185e+001,
          1.15942192e+001, 0., 0., 0., 0., 0., 0., 0., 0., 0., 0., 0.,
          0., 0., 0., 0., 0., 0., 0., 0., 0., 0., 6.91212952e-001,
          5.65771008e+000, 1.35384655e+001, 6.98398292e-001, 0., 0.,
          1.82842708e+000, 3.58578634e+000, 0., 0., 0., 0., 0., 0., 0.,
          0., 0., 0., 0., 0., 0., 0., 0., 0., 0., 0., 0., 0., 0., 0., 0.,
          0., 0., 2.45139432e+000, 9.51931190e+000, 7.65390921e+000, 1.,
          0., 2., 0., 0., 5.60183716e+000, 0., 0., 0., 1., 5.,
          1.48895860e+000, 0., 1.18431604e+000, 0., 2.70030403e+000,
          3.09569263e+001, 7.34277010e+000, 9.07106781e+000,
          1.03306227e+001, 0., 1.11413231e+001, 1.24423723e+001,
          1.05987768e+001, 2.26915493e+001, 7.78986812e-001,
          1.17157292e+000, 3.79984188e+000, 2.45444489e+000,
          6.13154697e+000, 1.01018724e+001, 8.22250462e+000,
          2.08963108e+000, 1., 0., 0., 0., 1.16774046e+000, 3.,
          9.12287998e+000, 5.24043617e+001, 7.47275877e+000, 11.,
          1.05792582e+000, 0., 0., 0., 4.07934189e+000, 1.98715153e+001,
          3.04914331e+000, 0., 0., 0., 0., 0., 0., 0., 0., 0., 0., 0.,
          4.34314585e+000, 8.69848442e+000, 1.39583693e+001, 0.,
          7.74609184e+000, 2.53838501e+001, 1.32548342e+001,
          1.26152239e+001, 0., 2.21427631e+000, 7.85723567e-001,
          2.89949489e+000, 8.39465332e+000, 4.70585203e+000, 0., 0., 0.,
          0., 0., 0., 0., 5.38477612e+000, 2.08316116e+001,
          7.83611596e-001, 0., 1.08578644e+001, 2.11248913e+001,
          2.97560406e+001, 2.61203885e-001, 0., 2.92893219e+000,
          3.27228699e+001, 7.81522217e+001, 1.41959772e+001,
          6.70651197e+000, 7.22242022e+000, 2.23675327e+001,
          6.15861893e+001, 1.21173468e+001, 0., 0., 9.11269855e+000,
          2.23648930e+001, 5.22407770e-001, 0., 7.02943707e+000,
          1.40832615e+001, 5.04205818e+001, 6.46671820e+000, 0.,
          4.68629169e+000, 1.98822517e+001, 3.66160240e+001,
          1.98154335e+001, 0., 0., 7.04163074e+000, 5.25900764e+001,
          4.23682938e+001, 0., 0., 6.21320343e+000, 8.78679657e+000, 0.,
          1.90692692e+001, 7.85966396e+000, 9.52691174e+000,
          2.30215778e+001, 6.52257776e+000, 2.19642305e+000,
          2.38936329e+000, 8.28427136e-001, 3.45512748e+000,
          1.31306591e+001, 0., 0., 0., 0., 0., 1.54022923e+001,
          2.59770799e+000, 3.31370854e+000, 4.68629169e+000, 0.,
          2.21525764e+001, 3.84742427e+000, 0., 0., 0., 0., 0., 0., 0.,
          0., 0., 0., 0., 0., 0., 1.79381428e+001, 2.06185675e+000,
          8.28427136e-001, 4.91036892e+000, 2.61203885e-001, 0., 0., 0.,
          0., 0., 0., 0., 0., 0., 0., 0., 0., 0., 0., 0.,
          1.80001984e+001, 2.99980164e+000, 4.14213568e-001,
          1.58578646e+000, 0., 1.18479347e+001, 4.15206575e+000,
          5.79898977e+000, 1.12010098e+001, 0., 7.87656450e+000,
          7.22394037e+000, 1.49116879e+001, 4.08569336e+001,
          8.13087273e+000, 4.08731384e+001, 9.12685966e+000,
          1.24264073e+000, 1.02349520e+001, 5.22407770e-001,
          1.51301908e+001, 1.16271687e+001, 1.65685427e+000,
          5.85786462e-001, 0., 6.50826263e+000, 1.21069613e+001,
          1.69827557e+001, 1.94020195e+001, 0., 7.36179543e+000,
          1.63820481e+000, 1.24264073e+000, 2.71290374e+000,
          5.04445553e+000, 0., 0., 0., 0., 0., 0., 0., 3.72792196e+000,
          1.56939802e+001, 3.57809734e+000, 0., 1.17157292e+000,
          4.55634928e+000, 4.05722008e+001, 4.26998787e+001, 0., 0., 0.,
          5.01571226e+000, 3.09842873e+001, 0., 0., 0., 0., 0., 0., 0.,
          6.21320343e+000, 8.78679657e+000, 0., 5.22407770e-001,
          2.36786022e+001, 1.44974747e+001, 2.13015156e+001, 0.,
          5.22407770e-001, 1.10928164e+001, 1.73969688e+001,
          6.45346603e+001, 3.44531441e+001, 0., 6.27207804e+000,
          2.07106781e+001, 6.61355057e+001, 4.28817368e+001, 0.,
          3.51471853e+000, 5.38477612e+000, 4.10050488e+000, 0., 0.,
          1.35441561e+001, 2.02964649e+001, 2.91593800e+001, 0.,
          3.73100586e+001, 2.89203892e+001, 1.69827557e+001,
          1.07867966e+001, 0., 4.89493408e+001, 2.25948124e+001,
          1.28406200e+001, 7.61522388e+000, 0., 0., 4.68629169e+000,
          6.21320343e+000, 4.10050488e+000, 0., 3.13835278e+001,
          2.45037746e+001, 1.11837664e+001, 2.92893219e+000, 0.,
          3.32945061e+001, 4.70549536e+000, 0., 0., 0., 0., 0., 0., 0.,
          0., 1.21169024e+001, 9.81202984e+000, 3.72792196e+000,
          2.34314585e+000, 0., 1.76389771e+001, 4.94680929e+000,
          4.14213568e-001, 0., 0., 0., 0., 0., 0., 0., 0., 0., 0., 0.,
          0., 7.82908058e+000, 6.51406527e+000, 1.65685427e+000,
          9.13347781e-001, 2.08665228e+000, 0., 0., 0., 0., 0., 0., 0.,
          0., 0., 0., 0., 0., 0., 0., 0., 4.11073256e+000,
          8.89267564e-001, 0., 3.92224216e+000, 1.10777578e+001,
          3.34953995e+001, 4.09038734e+000, 8.28427136e-001,
          5.85786462e-001, 0., 3.88985367e+001, 1.19593267e+001,
          7.45584393e+000, 7.90741301e+000, 2.97788792e+001,
          2.12796764e+001, 7.47768211e+000, 1.24264073e+000,
          4.57977104e+000, 3.14202290e+001, 9.11827850e+000,
          1.88172174e+000, 2.07106781e+000, 1.17916975e+001,
          3.13723516e+000, 4.19379187e+000, 1.97778082e+000,
          7.87005758e+000, 2.77144623e+001, 3.42439079e+001, 0., 0., 0.,
          3.71368814e+000, 2.32863121e+001, 0., 0., 0., 0., 0. ]
   decision_functions:
      -
         sv_count: 12
         rho: -1.1895994722642154e+000
         alpha: [ 1.5421749409758442e-006, 1.1916788770564122e-005,
             2.8002231159790783e-005, 7.1537031162780713e-006,
             1.2124438289005752e-005, 6.5741762609838122e-006,
             2.4806914947724473e-005, -1.9032990493968183e-005,
             -4.1556638076811548e-005, -2.5546567778598889e-005,
             -9.0121493265640808e-007, -5.0830162032878285e-006 ]
         index: [ 0, 1, 2, 3, 4, 5, 6, 7, 8, 9, 10, 11 ]
